123
Spill The Tea, Drama District, Brewabad
STT001
4
34.32
69.76
58515
81262
76534
78179
80085
55082
80050
68488
50842
52985
57201
81685
54240
76390
56656
75780
55478
61079
65063
56974
64867
57768
67287
63016
30511
32184
60177
32048
43903
38213
46289
51008
32270
35794
46725
45160
44172
59693
57863
48045
41857
61269
31996
34897
46024
50791
36598
34022
114
828
989
152
735
796
579
260
911
560
610
417
435
744
538
505
910
105
393
374
662
195
191
363
Wareesha
37
MGR1
Cafe Manager
75135
14
6176
10
Mahnoor
19
EMP0
Barista
42896
1
Maira
24
EMP1
Barista
47354
7
Huria
28
EMP2
Barista
28547
2
Zainab
26
EMP3
Barista
41225
5
Spill The Tea, Sip City, SpillPur
STT002
5
34.19
62.54
80682
82014
53283
61035
63394
65313
68030
56262
68870
54380
52273
54897
68037
59015
77574
75285
67014
57044
74985
65777
50630
65308
52386
53579
56133
61096
52292
54000
39078
35450
44217
54692
50170
62257
45433
31835
53864
35367
62162
44239
54698
42084
51379
30191
33269
31420
51125
61336
396
229
924
530
595
695
460
261
295
559
341
855
197
818
643
201
290
204
702
691
718
957
418
605
Maham
34
MGR2
Cafe Manager
75474
12
34430
8
Sehrish
19
EMP10
Barista
48875
6
Huria
26
EMP11
Barista
37934
4
Mahnoor
19
EMP12
Barista
21188
5
Maira
24
EMP13
Barista
42949
2
Zainab
27
EMP14
Barista
25815
4
Spill The Tea, Kettle Colony, Brewabad
STT003
5
31.94
72.36
78505
62492
52135
62331
73781
58898
55165
51835
77840
50738
51977
78780
82641
70245
82623
55977
60433
50861
68079
65621
80244
61145
68596
72669
45019
57071
30025
61536
62665
59077
58476
38492
40922
49090
56944
60173
55923
49684
43435
49318
49660
60586
34013
41303
49850
40964
33703
56897
323
736
847
761
328
621
434
212
616
805
635
211
771
996
888
810
342
690
820
959
888
175
194
436
Aniqa
32
MGR3
Cafe Manager
70817
5
23188
8
Raazia
19
EMP20
Barista
20428
4
Bushra
31
EMP21
Barista
37144
1
Huria
26
EMP22
Barista
24724
6
Huria
24
EMP23
Barista
20415
6
Sehrish
21
EMP24
Barista
25062
3
Spill The Tea, Drama District, SpillPur
STT004
3
29.33
60.89
65190
56302
72397
53593
62715
57281
73134
68569
61676
81684
81726
78073
53152
64498
67816
78707
53642
68295
76498
74480
51422
80717
64255
70676
60223
33311
57373
53502
36061
62298
59107
51413
61208
42793
46178
57753
44904
49691
60367
53837
45675
42652
34082
51237
34929
59952
49096
56930
887
850
838
535
632
257
884
116
131
114
238
166
390
409
192
958
483
168
614
497
570
683
129
107
Aniqa
30
MGR4
Cafe Manager
53443
4
25927
7
Farah
27
EMP30
Barista
41628
2
Sehrish
27
EMP31
Barista
31811
0
Zainab
25
EMP32
Barista
36598
0
Spill The Tea, Spill Street, Kettleabad
STT005
6
35.95
70.76
51275
62659
72186
60347
78420
65579
71826
62519
67134
58504
68124
61606
75502
53000
66181
50218
77545
71235
64130
73592
54653
73370
68069
60113
47346
40454
41751
36978
55368
33498
35901
39400
36612
49481
53196
56345
40994
46648
55853
45193
44227
47949
42603
39180
46255
59866
48969
61904
642
486
196
956
277
155
704
945
986
965
977
398
780
830
675
495
188
458
451
905
689
860
205
640
Rawish
29
MGR5
Cafe Manager
57289
10
23910
8
Farah
22
EMP40
Barista
27406
3
Zainab
21
EMP41
Barista
24656
2
Farah
23
EMP42
Barista
30805
5
Bushra
29
EMP43
Barista
23770
5
Sehrish
23
EMP44
Barista
41909
0
Mahnoor
25
EMP45
Barista
43296
1
Spill The Tea, Rumour Roundabout, Kettleabad
STT006
7
23.85
66.92
59643
70308
67663
70858
76423
51852
67411
52177
70891
69548
60881
73914
60783
62837
73176
50483
80714
81356
57934
67355
66435
55509
66674
56430
49113
46977
57646
39894
60418
30126
46361
46528
52791
47122
44618
46681
47384
57992
46977
32584
53868
43664
45560
62109
53137
51182
42219
32533
127
588
400
803
930
786
676
372
883
241
336
298
843
267
172
626
866
187
899
596
294
407
563
288
Maham
31
MGR6
Cafe Manager
64461
5
5290
6
Maira
27
EMP50
Barista
22035
6
Raazia
32
EMP51
Barista
21423
7
Maira
21
EMP52
Barista
39969
3
Maira
23
EMP53
Barista
22772
0
Mahnoor
26
EMP54
Barista
36361
4
Zainab
20
EMP55
Barista
34426
2
Huria
23
EMP56
Barista
20142
5
Spill The Tea, Chai Chowk, Chaistan
STT007
6
25.92
63.93
51983
68624
56393
64807
50083
53762
75912
63358
53524
62609
55204
65181
55952
67544
71478
63214
71910
58148
63827
78499
62351
57524
68540
69653
39978
57423
61442
56482
34265
44651
49663
59924
49279
32464
35820
48931
47553
40735
30893
31495
30561
46176
35503
60567
45092
60358
34404
42810
771
978
154
488
552
548
616
225
739
310
200
259
828
692
987
364
432
604
432
449
925
313
352
536
Eshal
36
MGR7
Cafe Manager
61045
10
19740
10
Zainab
19
EMP60
Barista
36143
5
Mahnoor
27
EMP61
Barista
31984
1
Huria
25
EMP62
Barista
34001
7
Zainab
29
EMP63
Barista
27403
5
Zainab
24
EMP64
Barista
33219
7
Raazia
20
EMP65
Barista
38275
1
Spill The Tea, Drama District, SpillPur
STT008
6
36.39
66.74
67614
50393
50118
67088
63967
56908
76521
73719
57582
79474
62245
59595
58312
74853
57915
57119
61413
56740
77885
71132
72953
52930
81259
54791
44511
39243
32754
49771
35450
34707
58812
49573
43118
58345
37458
53109
35891
49837
48869
38479
42573
49679
59053
57518
39319
45068
38234
58287
540
842
819
312
711
726
321
785
532
297
289
724
614
362
473
477
439
876
172
185
634
484
773
276
Maham
46
MGR8
Cafe Manager
68122
5
16129
4
Maira
26
EMP70
Barista
48802
5
Mahnoor
22
EMP71
Barista
35920
2
Sehrish
24
EMP72
Barista
21545
3
Sehrish
29
EMP73
Barista
28086
7
Mahnoor
28
EMP74
Barista
21094
4
Farah
25
EMP75
Barista
34741
1
Spill The Tea, Kettle Colony, Kettleabad
STT009
4
28.66
73.07
72336
71978
75644
71764
56327
68466
52677
56889
67403
78557
76121
71885
58536
59122
74435
80550
55736
77588
72071
55511
78734
65498
80752
67058
38516
34071
37940
42823
52055
46576
42238
43910
51864
53656
52705
58889
31490
55786
45426
34306
45176
31280
35411
42016
32115
48915
54608
41376
875
457
271
839
534
616
536
718
386
947
674
876
227
399
385
794
984
619
993
397
704
161
756
909
Aniqa
43
MGR9
Cafe Manager
70686
7
32284
4
Maira
24
EMP80
Barista
22546
4
Sehrish
31
EMP81
Barista
43093
1
Farah
32
EMP82
Barista
29082
5
Raazia
29
EMP83
Barista
21781
2
Spill The Tea, Hot Takes Heights, Kettleabad
STT010
3
32.8
60.54
74156
51306
71784
79940
56514
78804
71429
78120
81589
51311
81313
65876
80366
61679
64609
59388
55953
58466
58574
76331
58841
75645
71370
58420
46543
50871
47583
37971
57926
54598
53437
41370
41951
44478
38770
57854
46030
37941
35961
33943
46871
58544
39726
39917
53374
48957
50390
55738
119
615
975
728
499
867
102
485
800
436
267
497
285
904
533
688
174
542
144
916
941
641
729
337
Maryam
29
MGR10
Cafe Manager
66358
4
24746
6
Maira
28
EMP90
Barista
24362
6
Huria
23
EMP91
Barista
36503
7
Sehrish
28
EMP92
Barista
37588
3
Spill The Tea, Hot Takes Heights, SpillPur
STT011
4
23.85
67.55
51205
57528
60186
57328
82003
74421
80864
78760
80441
75451
60115
82619
78679
53455
56731
67082
61895
57189
68469
82617
70565
55191
58079
57609
55170
62152
50672
56424
52973
43030
32950
55864
31359
53835
37848
58318
61059
41283
56336
56568
53982
46744
58966
40380
58478
53481
61153
56774
692
348
765
164
149
402
523
804
633
873
357
919
180
981
463
112
164
237
917
412
326
878
364
530
Maham
44
MGR11
Cafe Manager
74190
9
28866
4
Raazia
23
EMP100
Barista
45126
3
Zainab
21
EMP101
Barista
49215
5
Maira
23
EMP102
Barista
33037
3
Bushra
25
EMP103
Barista
45793
6
Spill The Tea, Sip City, SpillPur
STT012
5
27.6
72.07
59562
64092
75295
55208
51634
63121
68081
55433
71531
55205
50438
59877
62926
56504
55390
52797
80928
63202
75552
53624
54061
75994
61295
55724
35757
44646
37835
42667
41507
46402
31826
50034
43268
31210
52333
62055
55384
46248
55172
36403
53059
60647
41880
62034
59725
35376
61102
30901
136
795
711
176
441
998
264
715
327
203
344
713
447
918
501
242
744
881
745
434
854
629
835
807
Eshal
47
MGR12
Cafe Manager
54259
13
17338
10
Raazia
31
EMP110
Barista
34297
2
Raazia
20
EMP111
Barista
26211
7
Raazia
22
EMP112
Barista
33888
7
Zainab
27
EMP113
Barista
26262
1
Raazia
29
EMP114
Barista
39619
6
Spill The Tea, Kettle Colony, Kettleabad
STT013
4
28.26
75.51
74118
61555
61778
63074
51470
65159
50803
79374
62281
64277
70278
67810
77369
68231
66873
61370
51415
52732
63999
68720
62085
74471
70302
58645
47393
32139
57260
47864
42804
58200
52875
36692
39588
44640
49855
45947
36380
53974
42610
40133
44637
30666
36218
40598
44022
43094
38320
37033
208
118
992
296
475
582
876
156
778
835
986
704
781
459
106
300
245
689
663
460
313
168
865
437
Minahil
43
MGR13
Cafe Manager
74131
15
8289
7
Sehrish
31
EMP120
Barista
20033
3
Zainab
19
EMP121
Barista
33178
5
Sehrish
21
EMP122
Barista
43543
0
Zainab
24
EMP123
Barista
30601
2
Spill The Tea, Rumour Roundabout, Chaistan
STT014
5
34.32
76.05
65661
81085
77199
76229
71797
80944
63038
67643
67011
74725
66358
61294
52626
50963
52677
70226
64933
58391
82199
64673
77296
51459
61296
50567
42674
56546
46606
52906
46172
55153
44968
48593
31277
47336
49450
40551
53779
43217
48791
55614
42295
47685
59227
61913
55085
44607
46749
40549
437
181
795
701
515
995
914
943
972
886
837
265
494
344
198
588
637
649
147
659
689
275
814
161
Aimen
35
MGR14
Cafe Manager
54765
12
32407
7
Zainab
25
EMP130
Barista
45660
2
Mahnoor
18
EMP131
Barista
24230
1
Maira
27
EMP132
Barista
39877
6
Bushra
19
EMP133
Barista
46225
2
Mahnoor
31
EMP134
Barista
44154
3
Spill The Tea, Kettle Colony, Chaistan
STT015
6
32.43
62.11
72152
56937
73708
69863
81203
54134
57745
75638
72803
81001
57665
66045
60693
60710
54592
68051
77248
64289
54427
68120
73716
59227
80279
56909
33802
51512
35218
45303
46571
49148
38427
37838
30601
49055
47417
50088
53261
53093
49359
57836
43329
49889
36196
54190
37034
44035
39647
42457
834
793
835
593
650
642
245
336
455
470
885
870
268
357
251
939
820
393
422
241
102
244
815
360
Maryam
45
MGR15
Cafe Manager
72014
10
23223
9
Mahnoor
31
EMP140
Barista
37377
0
Huria
20
EMP141
Barista
41505
2
Sehrish
26
EMP142
Barista
40554
2
Zainab
20
EMP143
Barista
22398
5
Zainab
27
EMP144
Barista
23142
1
Farah
18
EMP145
Barista
46575
7
Spill The Tea, Brew Bazaar, Brewabad
STT016
5
31.03
71.75
76287
64286
58721
80885
50029
59929
52752
67635
67271
58553
82227
59453
73438
61550
61633
72634
70490
62166
57472
78989
73270
64941
62498
59879
46828
62699
46531
31490
52893
58874
47128
53005
37944
33900
48669
49598
38973
46758
60761
36693
34214
38781
32489
35413
37231
49769
34091
53857
469
545
507
829
538
392
789
343
153
443
533
961
281
697
889
421
630
377
854
185
113
499
725
613
Wareesha
30
MGR16
Cafe Manager
75412
1
19043
9
Mahnoor
31
EMP150
Barista
21853
3
Raazia
19
EMP151
Barista
44824
7
Raazia
18
EMP152
Barista
22021
2
Maira
29
EMP153
Barista
25914
5
Mahnoor
31
EMP154
Barista
48509
1
Spill The Tea, Rumour Roundabout, Chaistan
STT017
7
26.97
68.65
81627
59140
79922
81874
50481
78842
79575
73799
68838
61052
74794
80417
75006
76523
79755
69891
53357
76239
58305
62490
50637
77993
51138
75927
50544
38595
35927
56108
50540
51552
39760
54104
30126
51379
59873
57801
40672
44548
62481
41090
53966
59188
41152
47085
56672
39976
40764
53094
323
295
494
318
724
662
914
327
771
470
453
566
456
342
759
941
392
814
688
921
159
271
997
818
Eshal
32
MGR17
Cafe Manager
61650
12
27599
4
Zainab
24
EMP160
Barista
21004
3
Bushra
30
EMP161
Barista
34095
6
Raazia
32
EMP162
Barista
36828
4
Farah
21
EMP163
Barista
34837
2
Farah
22
EMP164
Barista
43061
1
Mahnoor
28
EMP165
Barista
21499
0
Sehrish
19
EMP166
Barista
23193
2
Spill The Tea, Gossip Gali, Brewabad
STT018
4
34.11
70.74
71132
76012
58129
73684
73125
57342
64616
61506
68341
54938
55109
53596
66386
77905
54661
71925
63777
75842
64493
76236
51396
53030
63199
50107
47859
56376
35846
39598
30966
40241
38214
45125
59824
45784
36055
57884
54266
39341
43790
34410
57621
54402
41104
37282
46418
57942
30757
54762
781
766
447
167
182
795
924
360
188
533
147
759
129
307
836
119
940
887
109
767
470
752
301
748
Maham
40
MGR18
Cafe Manager
50524
1
17613
5
Raazia
20
EMP170
Barista
27631
0
Zainab
21
EMP171
Barista
27014
2
Huria
24
EMP172
Barista
23667
7
Mahnoor
24
EMP173
Barista
22614
7
Spill The Tea, Sip City, Kettleabad
STT019
4
23.81
64.58
60141
60321
57759
80210
50866
78037
69725
64009
77901
59931
78189
80374
61207
60164
79066
73571
73050
59109
76798
70767
77916
75667
54187
50292
33945
49058
43097
34287
45858
31380
58469
30331
61687
38833
57666
50076
30521
49718
36476
33513
54077
59156
48312
46959
32356
32956
44843
51605
881
636
169
693
940
256
994
642
893
389
656
857
651
442
331
218
197
907
210
519
569
641
499
786
Maryam
29
MGR19
Cafe Manager
62340
12
21634
6
Huria
31
EMP180
Barista
40555
6
Sehrish
20
EMP181
Barista
21144
2
Zainab
24
EMP182
Barista
20839
3
Sehrish
24
EMP183
Barista
30604
1
Spill The Tea, Brew Bazaar, Chaistan
STT020
6
26.32
61.15
52911
82653
65914
80158
82079
68712
55455
79866
81725
75320
50868
65003
61134
71060
77028
51044
73783
58735
72211
65844
80320
60054
76345
68050
36867
44262
36789
59692
46602
34294
37632
46181
49125
36730
43824
32732
44732
57679
50491
39526
57034
51020
32228
48839
48425
42171
62382
32719
381
935
133
222
626
150
543
762
828
773
116
811
451
447
674
690
932
784
772
276
702
825
547
971
Afeerah
46
MGR20
Cafe Manager
63349
11
6461
7
Raazia
29
EMP190
Barista
30901
3
Farah
22
EMP191
Barista
23575
7
Farah
20
EMP192
Barista
44581
3
Mahnoor
18
EMP193
Barista
30439
1
Farah
19
EMP194
Barista
44019
4
Huria
32
EMP195
Barista
28980
7
Spill The Tea, Rumour Roundabout, Kettleabad
STT021
4
31.5
63.42
66683
65381
71800
79887
64352
82627
62663
67565
60279
71697
73395
59726
80423
65263
75285
54117
57965
55105
54984
63500
72327
63496
73593
64578
51933
45402
40208
34522
49731
60214
30820
41092
53498
32028
49407
60566
54395
46745
49541
57961
52862
40821
44436
47708
41978
41755
40280
46178
446
305
416
279
182
750
741
845
394
398
259
968
701
700
291
739
289
516
644
894
870
215
161
524
Minahil
47
MGR21
Cafe Manager
58400
14
13216
8
Bushra
21
EMP200
Barista
33719
6
Bushra
18
EMP201
Barista
22005
0
Farah
28
EMP202
Barista
49276
3
Raazia
32
EMP203
Barista
21845
5
Spill The Tea, Drama District, Brewabad
STT022
6
36.85
66.02
77049
53259
73857
71328
53779
71542
76467
55288
68354
64447
75523
58899
65417
76073
50550
54728
52621
80218
80791
70032
82419
66599
52985
69232
51851
35859
38020
36134
31294
44094
47355
61442
43977
51562
45450
57001
48724
33024
37650
30021
34719
50494
53981
58399
39281
39635
38698
32982
743
413
672
631
924
672
328
990
324
762
336
371
802
627
939
375
724
658
532
773
162
679
660
661
Malaika
45
MGR22
Cafe Manager
81413
11
27415
9
Mahnoor
18
EMP210
Barista
22471
5
Mahnoor
32
EMP211
Barista
32786
3
Farah
31
EMP212
Barista
24502
5
Farah
30
EMP213
Barista
20840
2
Mahnoor
26
EMP214
Barista
42468
6
Huria
23
EMP215
Barista
32190
3
Spill The Tea, Brew Bazaar, Kettleabad
STT023
7
30.05
69.56
79675
79574
81587
67355
64537
72087
77111
66113
73126
53332
68205
57019
62202
80013
55588
66334
70968
75666
50232
78851
50652
77953
68855
65192
37079
46617
49896
49437
35550
60722
35334
54814
42773
46567
33475
41230
47203
60073
50526
48031
34959
36726
42745
36464
54614
61418
40538
33083
692
200
816
473
431
113
594
897
570
506
110
886
969
842
293
452
882
776
307
963
727
572
688
187
Maham
44
MGR23
Cafe Manager
51778
9
5550
3
Maira
30
EMP220
Barista
21656
4
Huria
21
EMP221
Barista
30452
4
Huria
32
EMP222
Barista
28226
4
Maira
30
EMP223
Barista
45961
4
Bushra
24
EMP224
Barista
26552
5
Sehrish
29
EMP225
Barista
49373
5
Mahnoor
18
EMP226
Barista
22423
6
Spill The Tea, Brew Bazaar, Brewabad
STT024
3
35.3
66.39
72858
75122
78032
82067
51989
71479
56097
81449
77445
58175
53647
55675
69420
77021
72664
71535
72697
56891
61498
63531
70338
80386
58964
59880
31781
54221
55712
52812
42984
39236
33302
51451
61646
42967
56587
52627
51710
54076
37304
30613
62366
32681
38098
36281
61978
40141
32750
55689
981
322
519
357
315
350
795
805
637
500
226
872
470
361
855
686
221
591
216
550
411
827
539
503
Rawish
44
MGR24
Cafe Manager
82589
11
24429
8
Bushra
22
EMP230
Barista
43463
6
Zainab
25
EMP231
Barista
33839
3
Mahnoor
31
EMP232
Barista
36916
3
Spill The Tea, Drama District, Chaistan
STT025
6
31.19
60.86
61696
73886
55224
59711
72756
59565
58258
68449
54321
58403
75514
55407
73673
75574
77066
76447
71586
56331
74686
69018
71711
69329
75002
72251
45781
44548
61573
32201
42060
39091
30482
53957
36418
50358
48003
51230
60138
43225
61367
51492
54277
33569
59887
52680
40218
58479
31145
46955
768
302
194
477
668
185
348
348
908
436
516
628
978
133
761
815
494
657
324
257
924
746
723
976
Minahil
45
MGR25
Cafe Manager
66362
2
12240
7
Farah
21
EMP240
Barista
29016
3
Huria
21
EMP241
Barista
42589
1
Sehrish
24
EMP242
Barista
24411
3
Maira
23
EMP243
Barista
20672
3
Farah
23
EMP244
Barista
21808
3
Mahnoor
27
EMP245
Barista
45852
6
Spill The Tea, Kettle Colony, Brewabad
STT026
5
28.26
75.22
58713
57555
53378
70541
50959
68281
51076
60955
82037
75224
76584
50242
60817
70762
79754
62890
81247
52141
58878
51102
52588
64119
60498
51643
41344
54613
47066
50141
52696
40727
48678
40965
36041
44119
51400
57477
56240
32669
35685
45082
59403
36698
49900
44432
60576
33348
42980
60862
559
137
657
230
110
713
848
209
825
417
225
672
865
429
293
426
350
419
395
100
436
458
772
651
Minahil
28
MGR26
Cafe Manager
52572
7
5195
3
Bushra
29
EMP250
Barista
35499
7
Farah
22
EMP251
Barista
27825
3
Maira
22
EMP252
Barista
37402
2
Raazia
20
EMP253
Barista
34835
6
Zainab
32
EMP254
Barista
44868
1
Spill The Tea, Sip City, SpillPur
STT027
5
26.28
68.52
58349
55450
53859
56529
82465
69771
66102
55958
80425
62747
53511
74037
67666
65305
51308
59487
57239
70210
62885
72687
67048
69953
73222
58494
38427
44100
59536
60089
52344
41603
61014
53720
34838
54518
35673
47315
50236
33826
56196
48643
54573
49341
42186
52301
49990
40886
59867
61775
388
367
691
922
227
923
498
165
531
234
237
148
511
392
646
758
319
683
957
191
950
878
419
991
Aniqa
36
MGR27
Cafe Manager
76254
6
23518
5
Raazia
25
EMP260
Barista
33047
7
Raazia
23
EMP261
Barista
21268
3
Farah
28
EMP262
Barista
39137
0
Raazia
31
EMP263
Barista
22493
0
Farah
28
EMP264
Barista
24307
5
Spill The Tea, Chai Chowk, SpillPur
STT028
6
26.69
70.29
80015
60533
81767
52214
54387
76042
72069
53700
74257
69840
58053
72848
61446
65881
80972
63803
58326
59684
50489
60989
81572
55242
62978
59642
44379
58332
56576
56793
53749
33789
45645
48363
58436
32976
42223
55167
54877
39247
53734
31526
30373
40620
38211
50593
37283
62412
59412
52475
730
539
104
386
491
575
748
888
328
228
821
914
912
645
401
730
444
626
624
398
670
817
706
676
Rawish
38
MGR28
Cafe Manager
82726
10
33631
10
Sehrish
24
EMP270
Barista
45334
5
Maira
18
EMP271
Barista
30449
5
Farah
20
EMP272
Barista
31912
7
Farah
19
EMP273
Barista
44294
1
Sehrish
21
EMP274
Barista
32165
2
Maira
27
EMP275
Barista
21428
2
Spill The Tea, Gossip Gali, SpillPur
STT029
3
23.88
63.49
59325
69965
81967
81459
68338
81744
77402
55408
77803
59068
76659
71581
72157
78508
65856
59147
54481
50880
75463
64238
75600
53750
70432
74980
56694
39379
58047
42484
58909
31919
46896
46068
51546
45612
35315
49937
31556
30563
42986
56912
31343
30952
62254
42749
43756
35379
39591
50998
285
710
903
316
883
164
915
313
570
811
416
743
743
863
149
146
333
472
464
265
340
825
408
279
Aniqa
45
MGR29
Cafe Manager
64299
12
5284
3
Bushra
30
EMP280
Barista
47990
2
Sehrish
21
EMP281
Barista
33833
5
Farah
27
EMP282
Barista
33265
4
Spill The Tea, Chai Chowk, SpillPur
STT030
5
27.44
70.82
72192
80278
80889
71961
73188
74350
56761
70626
71769
58727
72960
66568
58102
81018
57954
65041
71487
71299
57833
72767
80578
81990
54992
65982
54021
56244
41092
46886
55221
40645
43045
41016
31801
32772
57429
57015
59201
42159
35140
39105
34990
41064
41410
59458
34116
43534
42003
33124
566
316
400
563
897
240
596
410
566
736
363
757
584
231
616
183
762
698
288
478
407
598
669
891
Afeerah
42
MGR30
Cafe Manager
60192
6
28978
3
Sehrish
32
EMP290
Barista
20655
7
Mahnoor
25
EMP291
Barista
35614
3
Sehrish
32
EMP292
Barista
26530
0
Sehrish
29
EMP293
Barista
45700
2
Zainab
27
EMP294
Barista
21180
2
Spill The Tea, Spill Street, Kettleabad
STT031
7
26.88
70.58
60892
71592
58913
82462
55445
69471
58204
55719
73551
50189
72179
73748
72610
58788
67749
69641
50988
53952
77166
61254
57942
69919
73852
67528
62323
34525
33297
43892
31370
31741
43101
53674
54203
61737
49958
38779
60525
45946
51430
46190
61178
62735
51026
51120
32337
54171
49817
40125
280
188
285
244
652
541
438
640
862
555
696
587
414
900
946
236
983
978
239
752
355
287
392
555
Maryam
34
MGR31
Cafe Manager
62089
2
9352
3
Mahnoor
25
EMP300
Barista
43505
0
Sehrish
31
EMP301
Barista
41032
2
Huria
30
EMP302
Barista
37145
2
Zainab
27
EMP303
Barista
21220
4
Raazia
29
EMP304
Barista
45740
7
Farah
27
EMP305
Barista
28843
7
Farah
24
EMP306
Barista
30020
2
Spill The Tea, Kettle Colony, SpillPur
STT032
7
33.49
60.74
50236
77706
73022
66264
64120
53933
77556
75092
52491
58350
63547
77435
81474
79238
54455
59362
70764
75834
56870
69979
52379
57736
50619
50236
46643
57434
42597
49324
41979
57066
35939
36877
56352
61411
57062
61546
60846
35918
33652
37170
31904
50825
56900
48164
55731
55241
46633
56170
330
793
977
343
100
919
844
916
334
897
226
975
554
957
413
483
597
911
629
366
966
595
707
102
Aimen
47
MGR32
Cafe Manager
51186
5
17451
3
Sehrish
28
EMP310
Barista
48320
0
Sehrish
26
EMP311
Barista
23394
6
Raazia
32
EMP312
Barista
46446
7
Sehrish
28
EMP313
Barista
38035
2
Bushra
21
EMP314
Barista
37870
2
Maira
20
EMP315
Barista
38606
0
Maira
24
EMP316
Barista
40122
6
Spill The Tea, Chai Chowk, Kettleabad
STT033
6
26.81
65.56
65190
63462
81873
51918
79426
71703
56232
60190
65475
76281
64303
51235
53128
77323
57281
60767
56586
59427
66462
74996
73799
79114
57981
57560
57904
61780
53389
58867
57090
40098
31616
33404
58393
34311
41488
61607
45320
58739
45407
40410
45333
53719
39126
31912
45815
45128
41095
47384
808
399
115
473
538
821
179
702
786
811
279
825
184
615
349
905
186
107
211
948
224
775
781
932
Maham
38
MGR33
Cafe Manager
54192
10
24269
5
Zainab
26
EMP320
Barista
27431
7
Maira
27
EMP321
Barista
39255
5
Raazia
19
EMP322
Barista
42578
3
Huria
18
EMP323
Barista
22686
7
Farah
32
EMP324
Barista
27808
3
Mahnoor
22
EMP325
Barista
48818
0
Spill The Tea, Rumour Roundabout, Chaistan
STT034
4
29.14
67.65
61328
55515
72683
68200
50937
53947
57503
63406
74640
76640
76204
61239
71254
53427
74155
80749
58791
82601
76436
68137
74330
76118
72325
54490
54040
46709
60011
33134
58909
34403
47733
37084
36574
55120
41555
51653
45519
42675
57392
33946
56391
35030
60684
46214
30000
38577
46725
57062
141
336
549
965
601
811
697
700
231
517
798
483
944
377
959
873
512
989
980
425
119
230
132
589
Afeerah
40
MGR34
Cafe Manager
52998
15
27744
8
Zainab
28
EMP330
Barista
24775
1
Mahnoor
30
EMP331
Barista
39814
3
Huria
28
EMP332
Barista
25246
0
Sehrish
32
EMP333
Barista
49782
1
Spill The Tea, Kettle Colony, Chaistan
STT035
5
35.96
70.33
73205
70110
59309
71092
78844
55603
81048
80342
61395
72494
55339
54800
55085
79897
62217
67746
64810
50304
64933
54308
57960
63473
82537
70886
43148
38108
38824
49388
53166
41548
33167
40213
51244
61481
43331
36143
61472
58249
33928
40686
51799
42421
42683
60403
36393
51189
35403
43456
370
264
308
500
542
246
822
576
159
138
264
684
183
199
874
854
862
588
845
899
549
158
922
152
Maryam
37
MGR35
Cafe Manager
72069
15
22773
9
Farah
23
EMP340
Barista
31580
5
Bushra
31
EMP341
Barista
35500
0
Maira
32
EMP342
Barista
40938
2
Huria
24
EMP343
Barista
42676
3
Mahnoor
29
EMP344
Barista
22053
0
Spill The Tea, Gossip Gali, SpillPur
STT036
4
29.18
69.18
76806
57416
78673
67339
54516
59588
63128
63514
80658
70723
64229
61184
65655
56275
59525
63567
63407
50895
56374
52218
81726
54484
52029
69213
37743
48524
46724
35406
57655
58897
56811
32027
31134
54878
47050
34034
40786
37377
56998
44874
46236
50832
39098
38013
55524
48621
39843
50337
710
385
852
873
362
233
224
557
916
606
774
370
573
189
526
182
605
938
385
947
225
110
869
385
Aniqa
45
MGR36
Cafe Manager
73017
5
6933
9
Farah
20
EMP350
Barista
39775
1
Raazia
29
EMP351
Barista
38594
5
Huria
32
EMP352
Barista
20992
7
Huria
27
EMP353
Barista
42678
3
Spill The Tea, Rumour Roundabout, Brewabad
STT037
6
25.08
76.88
68618
75397
70859
60803
71747
57420
65728
71210
58338
50487
80814
64477
81486
55833
59507
53083
55197
59407
59563
66103
66692
58018
59326
76951
38343
30783
35027
55221
36092
41136
53400
45000
47187
54457
55165
59227
32841
41305
36891
36382
32841
53158
48590
37444
60133
41590
33678
32595
629
511
774
133
894
474
801
122
140
455
249
433
632
917
230
773
679
735
789
650
937
526
156
413
Aniqa
46
MGR37
Cafe Manager
51289
14
26532
7
Raazia
31
EMP360
Barista
29179
7
Sehrish
22
EMP361
Barista
33313
0
Mahnoor
30
EMP362
Barista
32542
0
Sehrish
23
EMP363
Barista
24635
0
Farah
25
EMP364
Barista
34907
6
Sehrish
18
EMP365
Barista
47502
4
Spill The Tea, Rumour Roundabout, SpillPur
STT038
4
30.4
75.25
69718
52781
51996
57220
75385
62992
66758
66812
73654
58228
74239
69563
56814
70292
63658
57113
61525
68243
63303
70901
51477
67076
60974
76892
49707
49983
41201
61892
51492
52625
37611
55923
57847
54795
51705
30197
41076
39213
54370
47087
47465
57281
46998
61814
53710
46393
33919
48398
955
155
885
632
413
988
872
587
530
780
559
530
861
440
328
310
841
654
990
442
228
830
856
941
Maham
37
MGR38
Cafe Manager
81614
11
9888
6
Huria
27
EMP370
Barista
49228
1
Bushra
22
EMP371
Barista
29262
7
Raazia
24
EMP372
Barista
40594
7
Raazia
18
EMP373
Barista
28058
7
Spill The Tea, Brew Bazaar, SpillPur
STT039
7
36.55
73.33
71964
81054
54129
70889
57938
73265
50941
69891
65097
57891
75337
54245
69061
80843
69030
63080
60372
63481
50252
62004
57426
79927
52484
61347
40361
49094
42326
49506
37545
52815
57394
53927
54162
49401
54263
54188
55111
54709
42332
58458
37589
48894
40298
39715
37326
57895
42870
35693
970
584
824
334
532
422
475
152
866
361
521
334
265
884
458
319
567
788
218
745
265
493
646
580
Afeerah
35
MGR39
Cafe Manager
59934
10
24382
7
Mahnoor
32
EMP380
Barista
37031
0
Mahnoor
31
EMP381
Barista
21140
0
Zainab
29
EMP382
Barista
21763
0
Zainab
31
EMP383
Barista
21481
3
Sehrish
23
EMP384
Barista
32851
0
Maira
31
EMP385
Barista
21322
0
Farah
27
EMP386
Barista
20036
3
Spill The Tea, Hot Takes Heights, Kettleabad
STT040
5
27.55
76.12
65510
53204
78737
65550
76449
54806
77269
68250
64100
66861
64440
74299
76114
79017
54632
53018
51495
76302
53662
70495
60595
67773
75711
82494
53522
43696
34261
33671
47915
60279
52542
33718
48349
59671
57295
34228
34990
41867
41078
31797
31578
42489
57203
30960
36706
59120
33799
55163
328
375
939
867
682
391
275
216
397
204
836
314
382
278
156
428
257
118
123
428
411
609
235
309
Wareesha
32
MGR40
Cafe Manager
56078
12
7692
3
Mahnoor
28
EMP390
Barista
33041
5
Sehrish
31
EMP391
Barista
38732
2
Sehrish
28
EMP392
Barista
28787
7
Bushra
32
EMP393
Barista
48551
4
Huria
21
EMP394
Barista
39291
5
Spill The Tea, Gossip Gali, Brewabad
STT041
6
34.47
67.8
57657
55041
63110
57039
72032
65553
59986
66040
63105
66166
61341
71473
66305
73478
64912
71793
63227
60282
64115
54776
56300
73545
61568
62669
37612
44767
39769
33872
51204
45053
40688
38575
39317
52598
30884
45139
60956
60215
30001
55363
34810
51077
45289
33708
51819
33897
43343
35440
497
525
968
864
967
470
488
668
425
431
601
853
775
738
522
369
895
453
872
726
965
623
628
573
Maryam
36
MGR41
Cafe Manager
52008
15
18614
8
Maira
20
EMP400
Barista
24644
6
Maira
30
EMP401
Barista
28372
2
Huria
28
EMP402
Barista
41955
3
Sehrish
30
EMP403
Barista
27070
2
Raazia
20
EMP404
Barista
31485
4
Farah
18
EMP405
Barista
36443
3
Spill The Tea, Sip City, Brewabad
STT042
4
23.93
63.24
67962
63631
76513
63374
82421
67551
53468
64215
76272
52598
50332
71078
68074
80851
77846
76431
57034
65853
56780
63472
69183
53777
62160
51804
40909
55666
31243
31320
36519
48820
51781
55092
49019
53338
53696
59957
32062
40734
54674
48204
61094
50521
51741
30736
59669
47135
38177
33402
485
768
461
244
808
244
608
681
679
723
765
855
435
997
893
622
655
686
733
429
870
163
402
229
Afeerah
34
MGR42
Cafe Manager
67717
5
29938
9
Sehrish
20
EMP410
Barista
41751
4
Sehrish
31
EMP411
Barista
38709
4
Zainab
20
EMP412
Barista
42782
7
Sehrish
19
EMP413
Barista
32193
3
Spill The Tea, Brew Bazaar, Chaistan
STT043
4
36.06
66.9
58208
67382
63639
72658
54730
51838
78808
58677
53435
80786
70756
52010
66393
54904
60651
61404
67060
61094
74308
74268
52822
64254
63453
56828
54702
53442
30029
46906
59590
30684
39724
47965
40712
43428
40796
50739
31539
31991
41602
38573
33153
37731
50118
52935
35527
42289
60306
57784
858
299
559
651
194
691
544
204
223
996
256
377
625
471
683
603
458
309
152
403
229
247
534
216
Aimen
35
MGR43
Cafe Manager
55547
10
31496
9
Mahnoor
21
EMP420
Barista
40574
4
Bushra
31
EMP421
Barista
27633
5
Raazia
23
EMP422
Barista
42346
0
Huria
27
EMP423
Barista
23406
1
Spill The Tea, Drama District, Chaistan
STT044
3
32.11
69.22
78819
52988
75469
79421
64423
62526
61039
53210
70222
77795
81352
65243
62704
53171
78659
71835
81653
80384
60883
63309
67600
54288
53134
50055
36525
41329
39600
39555
54043
58930
47006
50537
62066
51072
49491
53906
51290
56499
35321
46873
59018
43142
52009
50839
60117
38355
52754
34426
738
184
304
414
211
428
479
784
699
564
213
784
800
323
691
164
914
660
608
637
700
571
920
108
Aniqa
37
MGR44
Cafe Manager
68246
7
5866
3
Sehrish
21
EMP430
Barista
49118
2
Sehrish
20
EMP431
Barista
36230
7
Bushra
19
EMP432
Barista
21872
3
Spill The Tea, Chai Chowk, Chaistan
STT045
6
31.12
70.05
71064
55627
67991
75925
51052
82276
75265
60196
51912
64621
51260
51701
56283
81728
77597
50059
72725
63337
82351
59395
64730
72450
62201
57995
57857
57780
39742
52335
49649
61827
46711
30859
35562
33820
33562
48786
59926
60768
62165
33770
33233
61466
56253
43567
55711
48749
31978
58049
437
219
711
416
322
920
926
745
195
380
221
354
167
943
607
842
238
679
999
991
365
313
822
444
Maryam
29
MGR45
Cafe Manager
60872
2
8657
4
Huria
28
EMP440
Barista
20678
1
Huria
19
EMP441
Barista
34824
2
Bushra
23
EMP442
Barista
36118
3
Bushra
32
EMP443
Barista
22382
7
Bushra
32
EMP444
Barista
35321
2
Sehrish
26
EMP445
Barista
44306
3
Spill The Tea, Chai Chowk, SpillPur
STT046
6
35.88
69.15
79616
67601
79971
73662
64835
54863
68028
79505
63788
79001
79879
70882
71324
56826
55843
66685
58286
62552
56527
52103
75797
55746
75688
71144
49046
38990
54110
42719
50789
60863
45803
33466
30716
57994
38259
47887
33064
43454
58695
48941
57604
48853
56348
32341
37612
35287
33805
56184
846
131
360
629
548
478
244
134
191
848
106
104
374
144
529
920
738
276
635
642
592
845
770
872
Maham
36
MGR46
Cafe Manager
52301
10
12298
10
Huria
30
EMP450
Barista
25293
7
Bushra
28
EMP451
Barista
41140
2
Zainab
24
EMP452
Barista
21518
0
Raazia
26
EMP453
Barista
41294
7
Raazia
27
EMP454
Barista
31318
4
Bushra
23
EMP455
Barista
46232
0
Spill The Tea, Spill Street, Brewabad
STT047
5
33.36
70.2
69314
68446
79833
68731
72894
78861
62597
53019
73887
52432
60558
51400
62419
76240
60614
55197
78416
76386
65478
68948
80216
59771
73935
57440
30572
36814
38660
45983
41495
35045
38233
31854
31542
31411
39985
36448
53413
42408
38843
54930
50616
39356
53223
61513
34517
38137
32665
33177
826
437
363
252
501
343
523
360
377
352
546
974
108
696
759
800
583
818
411
472
856
647
805
416
Maham
42
MGR47
Cafe Manager
61761
1
10146
7
Zainab
26
EMP460
Barista
42522
6
Farah
23
EMP461
Barista
37499
3
Raazia
20
EMP462
Barista
47322
0
Farah
25
EMP463
Barista
45344
2
Mahnoor
26
EMP464
Barista
31287
0
Spill The Tea, Chai Chowk, Brewabad
STT048
4
33.42
74.69
53864
81272
52844
81103
70599
74720
74592
59117
79464
73107
70371
80939
74992
55721
82665
56683
71326
52672
53340
66307
71817
68775
80625
60550
49886
46327
49306
31715
57530
51672
37192
58671
39566
38783
55013
56568
49248
41553
33278
57031
32098
49189
46923
31950
44092
50238
31769
49280
387
336
706
899
920
477
427
302
986
846
119
878
174
496
127
868
903
793
608
428
847
306
566
617
Minahil
32
MGR48
Cafe Manager
52454
2
23006
4
Raazia
23
EMP470
Barista
28324
5
Bushra
23
EMP471
Barista
25835
6
Huria
31
EMP472
Barista
41615
5
Raazia
23
EMP473
Barista
43571
2
Spill The Tea, Hot Takes Heights, Chaistan
STT049
5
25.65
73.75
52051
59587
69583
65319
67823
51764
58528
78114
52814
77312
54362
65862
75651
58305
62410
75045
53125
77792
75919
72456
65757
55670
66278
82286
53952
52517
33985
32316
40557
31078
45597
47563
57078
45739
48152
52753
59860
62621
60033
45896
44239
30061
61353
47235
60411
60483
35589
44343
722
268
804
304
515
267
658
602
707
250
385
883
622
127
411
214
767
658
968
802
633
150
381
648
Aniqa
38
MGR49
Cafe Manager
65853
5
7998
4
Farah
29
EMP480
Barista
20883
4
Farah
22
EMP481
Barista
31055
1
Maira
23
EMP482
Barista
42269
3
Sehrish
19
EMP483
Barista
30772
0
Huria
19
EMP484
Barista
40841
5
Spill The Tea, Chai Chowk, Chaistan
STT050
7
27.33
60.77
71125
76348
82657
66338
78999
70491
72460
74730
81069
59575
62149
63200
71974
82582
69318
73391
66421
67444
62197
77655
59411
73617
66209
71643
54374
45220
34385
58248
47357
44332
31971
34645
62722
58603
45773
46719
31928
44094
34257
42675
49713
55776
38699
40606
30585
56385
56031
59627
199
432
215
823
242
730
870
777
902
976
800
976
768
376
846
416
114
653
391
375
772
683
763
203
Malaika
46
MGR50
Cafe Manager
62788
5
26490
4
Maira
30
EMP490
Barista
35835
3
Zainab
20
EMP491
Barista
21251
5
Mahnoor
30
EMP492
Barista
37536
4
Farah
21
EMP493
Barista
22815
3
Huria
28
EMP494
Barista
20101
2
Zainab
29
EMP495
Barista
34165
6
Bushra
27
EMP496
Barista
46244
3
Spill The Tea, Sip City, Chaistan
STT051
7
34.88
61.96
64212
66490
52347
54767
67178
53661
59680
51822
72675
69378
59879
63597
56359
52899
60077
61539
80704
60799
72878
80010
62760
53596
65394
56305
36094
31838
38596
62645
41016
57747
59593
38622
45155
42416
44921
43859
36090
34174
33268
32792
43281
53225
52277
51960
60649
39570
54352
60461
682
559
824
282
945
841
884
392
398
394
160
384
274
125
145
356
273
648
969
422
756
194
849
293
Wareesha
47
MGR51
Cafe Manager
73122
4
23538
3
Zainab
25
EMP500
Barista
25266
7
Mahnoor
19
EMP501
Barista
45382
4
Sehrish
22
EMP502
Barista
26849
5
Sehrish
27
EMP503
Barista
36422
1
Zainab
32
EMP504
Barista
45401
2
Bushra
32
EMP505
Barista
23511
5
Bushra
22
EMP506
Barista
22597
2
Spill The Tea, Hot Takes Heights, Kettleabad
STT052
3
25.94
62.89
51506
59924
60530
52777
50395
68688
56615
55318
74460
66046
51981
68670
71912
80277
81727
78019
78422
54329
78224
57636
75996
72165
55274
65415
62046
50230
57617
60640
36089
46066
41837
55716
61036
48795
35819
61751
41873
32895
53167
42333
39249
49892
37040
58573
33399
53123
57246
30532
721
763
451
202
607
981
840
953
643
455
466
514
502
438
261
827
850
357
381
762
989
537
220
852
Aniqa
34
MGR52
Cafe Manager
65206
5
31391
6
Bushra
28
EMP510
Barista
44053
0
Bushra
22
EMP511
Barista
20676
3
Farah
32
EMP512
Barista
33469
7
Spill The Tea, Brew Bazaar, Kettleabad
STT053
4
27.14
68.9
55724
75332
60473
69890
78537
69242
57328
82491
73845
67350
50167
54266
78112
58626
54880
73333
51553
64977
54963
53582
77925
59476
66941
69584
50206
53300
62730
32798
44905
45791
34811
62583
47930
37057
42728
46657
54516
37003
58573
55495
40065
49144
48446
59922
61194
49665
50633
36403
787
871
790
358
882
985
415
169
775
767
300
139
112
273
409
171
242
547
660
584
346
248
201
594
Aimen
36
MGR53
Cafe Manager
79687
4
18585
3
Sehrish
32
EMP520
Barista
42043
4
Huria
18
EMP521
Barista
44813
7
Bushra
31
EMP522
Barista
26809
7
Bushra
27
EMP523
Barista
20493
7
Spill The Tea, Chai Chowk, Brewabad
STT054
7
32.51
61.34
58629
57034
65794
72349
55066
79693
62062
70786
68281
64471
81032
68502
61711
51077
73593
67050
53198
56904
68534
68742
50124
79480
77883
64273
45145
59501
30427
48165
35054
40354
35044
37300
61647
49453
31585
57372
49637
30443
61899
51927
49544
54580
32692
53633
34985
30774
60949
37073
311
304
116
195
462
165
418
625
260
961
526
969
176
737
339
433
473
546
392
809
139
253
692
836
Eshal
45
MGR54
Cafe Manager
71447
8
19945
10
Zainab
18
EMP530
Barista
28561
7
Maira
28
EMP531
Barista
20652
0
Maira
20
EMP532
Barista
27352
1
Maira
25
EMP533
Barista
20517
7
Sehrish
29
EMP534
Barista
25066
1
Sehrish
26
EMP535
Barista
26075
1
Huria
29
EMP536
Barista
43328
5
Spill The Tea, Rumour Roundabout, Chaistan
STT055
7
25.28
68.21
61275
65439
69737
70705
73484
59108
57360
56423
75889
77355
69619
55070
63208
54715
71153
73261
76177
63297
74989
70474
65050
70225
60343
52517
48244
30355
31202
58783
37044
59224
37494
38813
48370
35337
53742
49504
35146
35522
55640
36052
49034
47719
42942
38215
39637
39215
36192
36891
160
214
935
335
742
124
770
306
104
260
817
822
237
284
281
588
777
233
792
259
666
942
786
595
Maryam
47
MGR55
Cafe Manager
76007
12
26312
3
Zainab
25
EMP540
Barista
36242
7
Mahnoor
29
EMP541
Barista
20998
4
Farah
25
EMP542
Barista
25754
2
Sehrish
22
EMP543
Barista
39915
2
Sehrish
28
EMP544
Barista
36312
7
Huria
28
EMP545
Barista
21254
1
Zainab
31
EMP546
Barista
33221
1
Spill The Tea, Chai Chowk, SpillPur
STT056
7
32.71
74.06
50119
60199
58114
50686
53187
64147
77880
81899
65811
52798
60528
75935
80666
60231
50498
70899
66556
59156
63263
68540
68445
65931
72367
77077
34812
38459
48586
45146
61911
55424
51737
56183
30227
57801
53146
40508
53375
41587
36343
54862
46491
40688
53580
34911
44648
53576
31248
39500
808
133
376
937
974
736
198
133
216
286
499
685
174
421
271
480
562
422
651
888
570
353
276
294
Malaika
45
MGR56
Cafe Manager
71178
5
24877
9
Bushra
22
EMP550
Barista
32702
7
Sehrish
32
EMP551
Barista
47113
6
Sehrish
24
EMP552
Barista
45742
6
Maira
27
EMP553
Barista
28581
5
Farah
27
EMP554
Barista
30743
7
Sehrish
20
EMP555
Barista
49439
1
Zainab
32
EMP556
Barista
43987
2
Spill The Tea, Sip City, Brewabad
STT057
6
23.14
72.38
60642
56213
52393
74616
68358
51085
78203
54782
59957
76090
65149
73920
53619
63953
76301
75733
53403
55962
82737
79024
57808
73362
81442
78686
51524
47689
61876
57473
51723
58899
31429
33206
36008
50918
33014
60665
59583
31382
57945
38389
53354
53174
57357
49469
39924
39107
59544
31905
772
398
682
546
339
312
225
786
529
477
722
993
365
822
475
514
663
551
973
598
319
638
914
641
Minahil
28
MGR57
Cafe Manager
71723
15
31460
6
Huria
26
EMP560
Barista
46798
7
Zainab
30
EMP561
Barista
42967
0
Zainab
29
EMP562
Barista
49261
7
Mahnoor
23
EMP563
Barista
32592
6
Zainab
25
EMP564
Barista
44002
2
Maira
22
EMP565
Barista
23608
1
Spill The Tea, Kettle Colony, Kettleabad
STT058
3
26.29
76.62
57123
74686
65811
69618
71726
75406
73524
60967
80579
58202
79822
76385
60183
78223
66698
59374
81788
70248
62777
53066
67963
51964
65674
55881
42944
40539
42973
55301
33713
32395
41200
46391
43849
56594
47738
30622
39262
35548
54636
32000
47980
43110
37192
55452
34368
34718
51696
40610
138
264
161
632
513
735
771
625
193
321
559
222
754
969
262
906
837
186
300
307
618
653
557
336
Maryam
29
MGR58
Cafe Manager
80478
9
24146
4
Mahnoor
31
EMP570
Barista
30805
6
Bushra
23
EMP571
Barista
29630
2
Raazia
21
EMP572
Barista
21300
5
Spill The Tea, Hot Takes Heights, Chaistan
STT059
4
26.7
76.58
65583
71938
70816
67931
68865
65682
63998
74189
60939
51226
57334
78729
62796
57048
70223
80691
53358
63482
64889
55954
54544
69276
70392
53555
61738
53165
46220
56351
36461
40146
56948
45815
54723
45086
44737
31833
49506
42697
47824
51148
30077
58167
60163
40550
35681
61705
32121
35062
809
447
117
264
931
697
580
315
736
775
163
168
964
908
330
100
330
300
148
509
341
125
937
249
Aimen
31
MGR59
Cafe Manager
61821
5
22207
7
Sehrish
28
EMP580
Barista
20702
7
Farah
32
EMP581
Barista
38552
3
Zainab
27
EMP582
Barista
46779
5
Sehrish
20
EMP583
Barista
48487
7
Spill The Tea, Spill Street, Chaistan
STT060
6
33.37
76.72
66568
60611
77368
65444
75671
69943
80845
75087
66550
50716
61328
57255
68980
58962
75367
68961
66353
78787
63035
72840
66842
54734
59547
76810
57745
50804
43249
48280
46461
57345
50151
54966
30861
33265
62011
40759
32960
31825
43695
53039
54438
40726
41458
57007
55658
61138
35534
53276
312
551
637
194
171
776
214
371
135
732
578
654
891
802
492
167
511
513
852
260
676
983
506
705
Aimen
32
MGR60
Cafe Manager
75753
15
31756
6
Bushra
20
EMP590
Barista
44883
6
Huria
23
EMP591
Barista
42803
2
Bushra
21
EMP592
Barista
36507
2
Raazia
29
EMP593
Barista
24349
4
Maira
26
EMP594
Barista
30354
7
Sehrish
28
EMP595
Barista
45734
3
Spill The Tea, Sip City, Kettleabad
STT061
5
27.07
72.82
68006
71297
82542
54583
57550
53028
50713
64590
80395
67480
56197
76384
57063
70372
54804
74303
67419
70936
61350
79444
82370
73074
55206
82519
50908
61679
55994
41156
37585
46747
57964
32471
45534
44249
45031
35229
44565
50700
46135
60043
39733
35438
47596
48473
36580
47544
59379
37582
573
767
878
712
303
408
939
669
734
957
171
270
623
411
655
996
350
251
445
500
228
175
654
246
Maryam
38
MGR61
Cafe Manager
50940
9
32874
3
Zainab
23
EMP600
Barista
25628
5
Huria
24
EMP601
Barista
26157
0
Zainab
20
EMP602
Barista
31484
7
Maira
21
EMP603
Barista
28305
0
Huria
24
EMP604
Barista
45898
5
Spill The Tea, Rumour Roundabout, Kettleabad
STT062
3
25.26
75.52
80878
76451
58179
51692
80372
81811
71470
81117
60938
76888
55358
57805
68445
63696
64771
52432
70783
77950
67799
50138
65599
53074
82518
77740
49188
30195
33644
56708
47550
32509
54249
37765
50053
32037
54376
59035
51804
60161
54823
58686
42496
54586
38155
40258
39539
50220
58415
30994
357
706
223
917
627
836
156
923
260
564
426
650
337
172
528
414
437
147
138
361
994
779
216
774
Maryam
36
MGR62
Cafe Manager
60946
2
31257
9
Sehrish
29
EMP610
Barista
39122
6
Raazia
25
EMP611
Barista
39263
7
Huria
20
EMP612
Barista
36894
7
Spill The Tea, Drama District, Chaistan
STT063
6
29.98
76.54
60283
50878
70638
63306
58469
73105
80280
58431
67080
63576
59784
67902
50520
65354
55855
74781
54410
50164
74008
61854
50717
73457
73753
80327
40414
40516
50437
35238
58657
57269
43420
40564
30793
60908
49763
42397
45990
53809
30653
59917
51403
31441
39349
45810
34155
37351
51320
36519
958
222
583
416
171
806
246
683
900
505
946
684
210
622
123
486
375
335
909
345
394
871
156
746
Aniqa
44
MGR63
Cafe Manager
74698
8
5570
9
Bushra
24
EMP620
Barista
29009
2
Maira
19
EMP621
Barista
20764
1
Farah
22
EMP622
Barista
48007
2
Maira
26
EMP623
Barista
35652
4
Huria
20
EMP624
Barista
24276
6
Farah
24
EMP625
Barista
46859
7
Spill The Tea, Sip City, Kettleabad
STT064
7
30.45
73.57
67656
64939
57897
59849
76772
58161
75038
58476
70024
60744
52785
59379
52623
66720
69714
55062
50543
57072
58847
77443
61690
60831
62600
52390
36338
38296
31815
49952
37364
53632
44242
53307
49569
52314
53658
31883
53207
48581
37957
56850
48416
39758
57635
39417
33787
31856
43928
48427
654
867
292
100
883
535
102
424
793
112
220
924
469
830
454
323
267
833
988
687
313
941
785
114
Wareesha
42
MGR64
Cafe Manager
53146
8
11558
7
Mahnoor
27
EMP630
Barista
22406
1
Maira
22
EMP631
Barista
42939
0
Mahnoor
27
EMP632
Barista
24604
3
Bushra
29
EMP633
Barista
22178
7
Raazia
32
EMP634
Barista
46769
0
Farah
26
EMP635
Barista
42358
5
Farah
25
EMP636
Barista
25421
0
Spill The Tea, Kettle Colony, Chaistan
STT065
7
32.67
69.77
71671
52395
80776
73526
66382
70509
76799
64156
58393
73324
78981
79410
51560
62345
62227
65273
73820
74710
51902
71335
74259
50092
67784
64353
33264
43459
41966
42756
32498
54791
47893
31329
47980
30239
51097
60242
35040
56276
45765
40130
62361
49253
41861
38014
43245
52274
48966
46084
797
486
787
775
670
746
561
273
704
262
829
584
167
639
382
838
429
489
461
774
817
720
553
570
Minahil
45
MGR65
Cafe Manager
75810
14
20992
6
Maira
18
EMP640
Barista
28299
5
Mahnoor
19
EMP641
Barista
48634
6
Mahnoor
23
EMP642
Barista
21099
0
Raazia
29
EMP643
Barista
21952
0
Sehrish
30
EMP644
Barista
28721
4
Huria
31
EMP645
Barista
26051
4
Bushra
31
EMP646
Barista
37933
0
Spill The Tea, Rumour Roundabout, Chaistan
STT066
3
32.12
73.39
52160
55630
79171
74541
51428
54460
51133
74118
67177
57278
82431
61979
51137
58644
52944
53539
50568
79627
72778
60513
54753
73157
59855
80267
62318
45332
54368
52097
53533
43020
35693
51902
45348
40579
42676
55038
48540
52330
47309
31816
47646
61452
56159
42758
31410
54067
62765
53444
221
700
826
636
509
600
858
698
331
654
274
241
721
988
133
668
733
227
852
986
173
439
466
427
Eshal
44
MGR66
Cafe Manager
66049
3
27859
9
Huria
23
EMP650
Barista
32970
1
Raazia
32
EMP651
Barista
24967
6
Farah
28
EMP652
Barista
31558
7
Spill The Tea, Gossip Gali, SpillPur
STT067
7
36.87
72.53
59070
80736
63622
56252
56807
80859
77797
75105
72930
60997
76118
61314
53200
52087
66678
78378
57206
75171
53031
76565
64972
58773
57403
56717
52995
49306
36507
35029
43027
47857
47016
31939
61270
33338
56356
57043
57760
35807
48872
31063
45775
33333
31999
56971
38953
31946
44447
55552
885
955
304
340
420
658
779
434
612
936
152
596
101
527
797
430
651
307
474
385
459
280
612
399
Aimen
36
MGR67
Cafe Manager
63332
13
25158
9
Huria
22
EMP660
Barista
28504
0
Sehrish
19
EMP661
Barista
38469
2
Maira
20
EMP662
Barista
31017
3
Mahnoor
30
EMP663
Barista
32207
2
Farah
28
EMP664
Barista
23645
6
Bushra
25
EMP665
Barista
36415
6
Zainab
29
EMP666
Barista
43361
7
Spill The Tea, Gossip Gali, Brewabad
STT068
6
27.49
69.51
65528
74895
53335
51795
68978
79227
63497
66907
58518
58535
56658
69359
68585
54097
76655
58448
78697
60933
70414
58146
81928
67213
73316
80499
51389
61931
44790
36233
34464
56800
57564
49452
36278
54246
54151
50106
45919
40698
55468
37019
33171
32036
47799
36630
33898
33204
45171
61236
664
785
451
543
476
216
981
453
567
431
703
286
434
541
603
793
220
291
560
664
288
325
894
640
Malaika
42
MGR68
Cafe Manager
64018
10
16921
3
Farah
22
EMP670
Barista
26070
7
Huria
21
EMP671
Barista
39956
3
Farah
30
EMP672
Barista
45945
7
Maira
28
EMP673
Barista
32180
5
Sehrish
31
EMP674
Barista
49735
1
Bushra
27
EMP675
Barista
21643
7
Spill The Tea, Kettle Colony, Kettleabad
STT069
6
34.57
71.94
74209
70206
71450
81383
68047
51744
64442
60939
71697
75601
52162
64006
82303
58848
59538
70841
81575
62545
78865
74179
65340
55096
57148
64695
57353
33967
45080
30938
53566
30884
30792
59614
55271
46161
43887
48542
35380
62720
61082
58982
43049
35219
37444
33101
61786
38842
54954
30082
223
371
183
689
174
170
724
337
641
473
721
347
290
156
128
434
943
244
663
692
646
717
921
352
Maryam
28
MGR69
Cafe Manager
73747
15
15534
5
Raazia
20
EMP680
Barista
42866
0
Huria
24
EMP681
Barista
20860
1
Sehrish
31
EMP682
Barista
20922
5
Bushra
31
EMP683
Barista
23180
7
Huria
27
EMP684
Barista
32241
1
Bushra
32
EMP685
Barista
27533
7
Spill The Tea, Sip City, Brewabad
STT070
4
25.6
74.85
63210
70571
59188
71676
55323
58067
78686
63733
60830
74124
81384
54028
64448
81027
55943
82561
61261
69142
60019
78241
82089
80478
79654
71411
37503
35002
40272
48738
42723
47978
37104
30095
30746
45876
61137
31784
34989
35136
61893
36123
43690
55973
36113
48689
50769
58441
52282
30085
706
868
497
589
197
928
908
657
354
940
952
538
712
470
819
538
669
692
955
813
411
789
543
837
Malaika
33
MGR70
Cafe Manager
66578
5
20310
9
Bushra
24
EMP690
Barista
27508
4
Mahnoor
22
EMP691
Barista
44100
4
Zainab
27
EMP692
Barista
31290
7
Bushra
19
EMP693
Barista
20176
6
Spill The Tea, Kettle Colony, Brewabad
STT071
7
35.81
69.08
62041
68820
69970
63841
61613
79384
72493
61696
78157
71800
74426
58903
81328
79452
61300
77397
79967
68751
72513
79073
66300
73467
68259
56761
30935
54907
56620
49617
40362
39958
57115
31421
62695
42811
44087
58359
59733
61095
58820
40167
59279
56041
31418
48519
39899
36910
61255
40013
283
988
262
571
542
978
611
603
158
349
330
712
560
418
984
120
774
295
887
478
226
893
457
499
Maham
38
MGR71
Cafe Manager
71133
9
18856
4
Farah
24
EMP700
Barista
36380
0
Farah
30
EMP701
Barista
24080
0
Bushra
31
EMP702
Barista
27954
7
Zainab
20
EMP703
Barista
29994
6
Mahnoor
25
EMP704
Barista
32316
5
Sehrish
22
EMP705
Barista
42178
3
Farah
24
EMP706
Barista
21210
5
Spill The Tea, Rumour Roundabout, SpillPur
STT072
7
26.56
69.77
59607
68507
79436
73232
73597
79082
78448
77171
75813
70276
66055
77217
68141
80106
72185
53446
66289
71063
58343
52438
75980
69227
64963
63001
40813
32576
46560
52946
56970
41472
45948
47338
59888
38229
51050
39630
53882
49257
62558
55082
55294
62590
34793
62034
61538
48803
52132
62113
711
430
939
493
404
504
759
591
336
721
741
783
353
259
497
378
629
710
864
574
690
248
551
526
Afeerah
43
MGR72
Cafe Manager
62175
7
5853
7
Maira
18
EMP710
Barista
22163
4
Bushra
29
EMP711
Barista
43395
3
Farah
22
EMP712
Barista
40657
7
Raazia
26
EMP713
Barista
49607
6
Mahnoor
29
EMP714
Barista
26685
4
Farah
18
EMP715
Barista
22087
2
Mahnoor
30
EMP716
Barista
46590
5
Spill The Tea, Sip City, Kettleabad
STT073
3
25.6
61.71
69429
59843
80292
64025
63433
66521
56884
76293
79155
70121
77460
56897
55525
76340
66467
79479
58651
58671
73201
78189
65408
71004
70031
56953
44218
48212
52852
58616
38789
48587
33627
32668
61304
58607
54701
37380
33252
33130
35073
48667
61131
30031
34516
47495
49371
32135
52004
43312
426
264
498
350
246
726
464
410
543
412
844
619
425
499
936
852
314
856
712
944
370
688
248
510
Eshal
28
MGR73
Cafe Manager
70443
8
8661
8
Huria
30
EMP720
Barista
21011
5
Huria
24
EMP721
Barista
27433
6
Zainab
28
EMP722
Barista
49596
0
Spill The Tea, Spill Street, Brewabad
STT074
7
31.58
64.1
52510
52797
74415
56322
57184
78035
65029
70983
65877
81185
71976
58024
55978
68841
52858
70667
60839
56896
82691
54531
55377
66964
61227
69884
48402
60135
30203
44112
45372
58148
57424
43183
49300
38024
36126
57857
48007
59640
56111
36931
43946
43625
43612
40298
32866
56512
45408
43233
161
991
678
351
646
599
118
813
846
473
837
410
243
431
636
380
111
937
293
962
185
607
239
595
Aimen
45
MGR74
Cafe Manager
61971
3
26691
3
Farah
24
EMP730
Barista
44922
1
Bushra
25
EMP731
Barista
34803
5
Raazia
27
EMP732
Barista
21499
1
Zainab
32
EMP733
Barista
37758
2
Zainab
19
EMP734
Barista
24905
0
Maira
21
EMP735
Barista
22046
4
Huria
24
EMP736
Barista
27738
2
Spill The Tea, Spill Street, Kettleabad
STT075
5
29.45
71.51
67972
71756
73926
80999
82054
63911
74595
67307
80312
50320
63872
65859
51288
72352
82762
62772
64350
65458
53032
74620
75979
80089
58663
57191
40351
43148
61732
51686
43023
31612
44459
41685
42730
54545
49702
54768
52392
59248
41663
55126
38288
36606
44527
57156
54738
42346
31300
34623
305
630
236
795
253
201
721
969
504
898
752
584
750
410
576
935
837
279
655
556
637
475
753
938
Wareesha
34
MGR75
Cafe Manager
79216
8
21074
4
Bushra
24
EMP740
Barista
22099
2
Maira
24
EMP741
Barista
37395
0
Bushra
24
EMP742
Barista
21324
6
Bushra
19
EMP743
Barista
37494
2
Huria
27
EMP744
Barista
33683
5
Spill The Tea, Sip City, Kettleabad
STT076
3
29.76
68.65
71194
63423
55925
73862
51317
60389
78466
51874
65498
69508
53989
80135
55714
71283
63301
61633
74332
79115
54549
57738
54661
63306
63983
82452
51936
62222
33257
47906
35008
46681
58166
41156
32677
31679
35195
56396
57713
56165
36401
36544
62313
61689
38512
54819
32516
34346
42972
59538
684
249
118
696
285
864
653
774
215
208
479
549
612
363
926
675
287
461
296
466
311
453
541
552
Wareesha
43
MGR76
Cafe Manager
59556
15
33731
7
Raazia
30
EMP750
Barista
49762
1
Raazia
29
EMP751
Barista
40539
2
Maira
24
EMP752
Barista
45893
7
Spill The Tea, Drama District, Brewabad
STT077
4
34.91
76.51
60858
50907
54568
63506
82607
76545
76006
59812
55313
62211
59969
74353
71745
66859
54853
80435
59545
75384
65478
64422
75995
72253
51691
67515
33771
55898
62291
60595
54073
40305
54234
40666
54966
60830
32183
52375
62445
31090
45815
42656
38014
31838
57676
34235
55258
53213
57970
61697
258
653
323
959
569
698
763
321
121
518
583
750
608
763
748
371
569
888
563
707
800
380
689
830
Rawish
44
MGR77
Cafe Manager
55408
15
6196
5
Raazia
30
EMP760
Barista
40935
0
Maira
19
EMP761
Barista
32474
5
Sehrish
25
EMP762
Barista
21746
5
Zainab
27
EMP763
Barista
37538
6
Spill The Tea, Rumour Roundabout, Brewabad
STT078
7
31.69
66.58
70445
63765
56685
55409
69830
70390
76051
54621
73752
69315
72724
65569
71725
72978
54942
61967
80552
66466
64701
79683
71004
74211
52116
57671
43692
45824
55612
51086
42736
35783
32113
60626
44598
34423
55385
31799
42186
45693
51541
43887
55350
36046
58675
31964
51823
41544
42616
46989
339
103
405
686
754
918
986
297
543
575
933
530
689
257
676
435
403
604
801
521
272
319
118
481
Minahil
37
MGR78
Cafe Manager
81722
14
31394
6
Zainab
30
EMP770
Barista
35284
1
Raazia
30
EMP771
Barista
22698
3
Maira
29
EMP772
Barista
46976
6
Raazia
30
EMP773
Barista
45244
2
Zainab
29
EMP774
Barista
38431
5
Maira
30
EMP775
Barista
43703
4
Farah
32
EMP776
Barista
33589
4
Spill The Tea, Rumour Roundabout, Kettleabad
STT079
4
26.07
60.16
69580
60773
54647
52038
73581
78121
73145
77440
79675
61465
80248
71663
78556
79507
52265
71401
73996
64749
82193
73395
63845
68336
73010
62108
34468
52639
62405
43716
37373
36356
51351
39027
35632
44310
39365
34570
54644
52907
35747
31736
38857
33714
49170
55776
52111
36797
37050
35909
852
827
197
724
785
976
571
747
584
726
235
400
535
254
527
130
421
765
222
556
774
960
954
853
Aniqa
43
MGR79
Cafe Manager
60101
15
33831
5
Huria
24
EMP780
Barista
43816
2
Maira
32
EMP781
Barista
41274
1
Huria
18
EMP782
Barista
22867
3
Sehrish
25
EMP783
Barista
44910
1
Spill The Tea, Brew Bazaar, Brewabad
STT080
6
28.03
61.59
51410
68726
71172
79001
61544
66465
61977
55192
51678
51180
59588
78542
55522
65317
82395
79680
61436
76108
80135
70194
58889
52347
60374
57397
47291
44873
57057
46912
41330
33095
46725
33927
59452
42042
59762
43829
37626
40296
56208
54124
60423
47235
40541
32142
53693
46054
38549
39198
399
289
919
787
937
351
210
218
738
568
445
342
461
257
770
854
388
706
914
753
791
652
378
621
Aniqa
32
MGR80
Cafe Manager
65804
9
5993
8
Maira
26
EMP790
Barista
21774
6
Maira
22
EMP791
Barista
34207
3
Mahnoor
18
EMP792
Barista
35787
0
Sehrish
22
EMP793
Barista
22521
0
Sehrish
23
EMP794
Barista
46351
3
Mahnoor
26
EMP795
Barista
27053
3
Spill The Tea, Sip City, Brewabad
STT081
4
26.65
60.69
58733
51176
76590
75228
64550
75875
56616
68085
62031
50904
76048
80912
60817
53550
58955
54489
74283
82469
74913
80151
71779
73451
64720
76522
56938
51794
58066
38624
56579
60516
60799
52910
35136
60848
36619
47669
44763
40432
37503
48996
58049
36697
50860
41172
58064
52684
48269
47639
553
586
445
207
578
849
887
782
742
689
244
126
698
180
592
159
234
214
775
553
478
484
545
709
Rawish
35
MGR81
Cafe Manager
54455
9
20886
6
Zainab
31
EMP800
Barista
41494
0
Huria
25
EMP801
Barista
44205
1
Sehrish
27
EMP802
Barista
32721
4
Sehrish
19
EMP803
Barista
26240
2
Spill The Tea, Rumour Roundabout, SpillPur
STT082
5
28.81
70.22
76155
74896
65590
68676
70818
63401
74164
56430
66575
66864
67652
67943
53100
70931
75269
61548
71449
71429
64017
60188
50119
64781
70584
51239
51363
36579
44076
37122
62519
46298
45077
39847
62369
34225
40452
45569
41301
41683
38802
54798
42660
58198
55396
47520
60646
62548
40050
33875
932
902
563
702
257
780
530
937
164
903
710
597
577
826
577
937
268
129
457
177
237
977
377
659
Aimen
47
MGR82
Cafe Manager
74653
15
25057
9
Maira
31
EMP810
Barista
21517
4
Sehrish
28
EMP811
Barista
47764
6
Mahnoor
32
EMP812
Barista
24942
1
Huria
31
EMP813
Barista
23814
3
Maira
22
EMP814
Barista
38909
1
Spill The Tea, Brew Bazaar, Chaistan
STT083
4
36
70.29
58965
79122
74877
70986
55387
68558
74896
79044
61061
55717
77204
76157
67862
81066
68338
76235
77755
72093
56959
58861
74201
62447
76003
79008
56088
53626
38780
30741
30414
46440
40147
57766
43989
38166
46734
60642
55701
53566
35614
52277
42549
34697
62136
44378
32183
31387
36368
41857
529
462
792
945
849
159
565
694
370
534
343
995
189
324
320
126
898
350
596
908
938
529
363
481
Aniqa
36
MGR83
Cafe Manager
51901
8
10169
6
Sehrish
32
EMP820
Barista
20690
4
Huria
24
EMP821
Barista
24068
1
Sehrish
20
EMP822
Barista
45582
7
Maira
28
EMP823
Barista
33660
4
Spill The Tea, Gossip Gali, Kettleabad
STT084
6
33.74
62.08
65578
80399
77066
73879
64813
52182
78588
53072
60865
78980
77234
55814
80651
60573
68036
59250
80832
76143
57744
56674
73247
65405
60376
67144
55715
37273
32446
45230
40327
34492
45164
62642
39750
47071
52408
32810
39525
44071
60235
50206
43701
59737
33654
57682
54887
48284
36968
59295
788
836
122
790
308
103
951
370
759
347
933
161
782
833
372
563
625
232
248
247
875
934
107
502
Eshal
28
MGR84
Cafe Manager
79933
6
26062
4
Farah
19
EMP830
Barista
30934
3
Mahnoor
26
EMP831
Barista
43113
0
Farah
24
EMP832
Barista
34053
3
Maira
21
EMP833
Barista
36040
0
Maira
21
EMP834
Barista
22697
0
Mahnoor
24
EMP835
Barista
44527
0
Spill The Tea, Chai Chowk, SpillPur
STT085
6
34.87
73.49
82536
67673
71893
55069
67853
62740
59107
78977
56244
78478
61114
79117
68107
73215
57407
68010
73713
78445
80278
65939
61795
54986
55856
71701
62332
42250
55123
46140
54924
55357
46829
57531
54763
60476
45880
36960
31039
33999
47030
62054
59547
30033
53802
31750
30905
50785
43381
44878
350
173
817
378
121
881
365
540
833
882
937
499
347
872
719
667
515
754
137
850
849
746
284
456
Eshal
28
MGR85
Cafe Manager
66633
10
6643
6
Sehrish
21
EMP840
Barista
33113
4
Sehrish
23
EMP841
Barista
24967
4
Maira
19
EMP842
Barista
35485
7
Zainab
32
EMP843
Barista
45406
5
Huria
30
EMP844
Barista
43939
5
Mahnoor
32
EMP845
Barista
39924
1
Spill The Tea, Brew Bazaar, Kettleabad
STT086
6
26.77
64.98
72309
59543
81894
81556
73505
50651
61849
69109
61233
68321
54313
60785
55789
68074
68256
63782
58739
73633
56871
74557
60498
58275
77628
70283
56533
30816
62635
54337
53203
33964
58665
60503
41421
34402
51411
58564
48732
55272
58999
39638
38296
57715
54158
36556
45887
46940
37002
30671
262
584
951
240
617
692
496
443
616
185
383
912
359
499
870
219
479
422
283
552
397
182
837
179
Minahil
34
MGR86
Cafe Manager
72859
11
16660
10
Maira
19
EMP850
Barista
45397
4
Raazia
22
EMP851
Barista
22485
2
Mahnoor
20
EMP852
Barista
24365
4
Maira
27
EMP853
Barista
22329
0
Sehrish
22
EMP854
Barista
22957
7
Huria
26
EMP855
Barista
49660
3
Spill The Tea, Spill Street, Brewabad
STT087
3
27.57
66.55
65939
72901
82040
76596
53765
70645
66044
65066
52990
73239
52680
55483
72781
71241
77807
62602
61778
59021
56689
65847
71431
52360
50278
65465
41267
52123
33331
53627
59147
45136
60808
48702
43678
48914
30791
57071
59306
50292
54763
34572
44098
49503
33828
57640
52901
36056
51802
52432
952
297
551
609
569
554
281
596
825
188
332
406
989
932
785
559
963
577
992
402
250
700
589
941
Afeerah
28
MGR87
Cafe Manager
64459
2
34665
3
Farah
32
EMP860
Barista
49862
4
Huria
30
EMP861
Barista
34450
6
Bushra
22
EMP862
Barista
20807
2
Spill The Tea, Rumour Roundabout, Kettleabad
STT088
7
34.19
75.53
55558
71866
52925
55668
55354
66715
61952
75233
60292
58126
73324
79111
72021
64862
50104
65907
75983
70975
79233
69481
55745
52537
79846
59507
41478
48078
36836
41802
42507
52540
35737
39176
46818
48679
46395
38025
31781
47969
37654
58197
60508
48511
59588
41677
38158
32662
33112
32137
506
465
444
117
442
468
873
624
978
225
788
222
256
230
855
766
507
757
228
942
518
541
669
687
Wareesha
45
MGR88
Cafe Manager
70097
4
30864
10
Farah
32
EMP870
Barista
30967
3
Raazia
21
EMP871
Barista
47312
4
Raazia
22
EMP872
Barista
46945
2
Huria
25
EMP873
Barista
39688
3
Mahnoor
26
EMP874
Barista
20175
3
Sehrish
27
EMP875
Barista
48109
0
Maira
21
EMP876
Barista
48272
5
Spill The Tea, Sip City, Chaistan
STT089
7
24.93
64.9
77463
72428
51659
81755
54597
67109
68390
73665
59872
62212
73577
54860
53654
61256
82241
73116
53962
61201
82435
56344
65727
65984
50798
51824
51967
58950
54409
43489
55715
46728
42898
39210
55269
53299
35457
39288
48107
53368
40826
36825
48445
31333
57783
52994
49599
34892
40741
37854
888
772
642
887
580
561
281
996
179
692
174
230
457
426
633
151
244
114
422
730
841
614
224
721
Aimen
36
MGR89
Cafe Manager
68570
4
5320
7
Zainab
30
EMP880
Barista
36126
3
Sehrish
25
EMP881
Barista
47172
7
Huria
32
EMP882
Barista
35379
2
Mahnoor
29
EMP883
Barista
31790
7
Raazia
21
EMP884
Barista
34120
2
Maira
25
EMP885
Barista
32306
6
Zainab
22
EMP886
Barista
30545
3
Spill The Tea, Rumour Roundabout, SpillPur
STT090
7
34.55
74.58
62338
70058
57164
64247
50283
57654
54215
72957
78897
79668
52835
60981
56822
73664
80443
72477
73724
50629
57742
66145
54463
81161
77436
78085
36136
57515
46870
56299
43324
35173
48860
36457
62724
57111
43039
42646
50822
54429
32639
42663
62318
52580
38189
48969
38330
61258
43709
35616
320
876
364
630
753
468
718
166
884
942
620
590
310
330
575
623
474
881
160
302
545
433
550
378
Maryam
35
MGR90
Cafe Manager
53785
14
17677
8
Maira
27
EMP890
Barista
46756
6
Zainab
22
EMP891
Barista
32189
1
Zainab
23
EMP892
Barista
47640
6
Huria
26
EMP893
Barista
48344
0
Maira
28
EMP894
Barista
28578
7
Mahnoor
23
EMP895
Barista
41217
5
Bushra
30
EMP896
Barista
28681
5
Spill The Tea, Brew Bazaar, SpillPur
STT091
7
24.39
65.61
52148
81526
66187
63669
51354
54734
71954
53644
66435
62848
59784
68241
61573
59487
56115
69120
53744
59387
78352
54670
72603
78754
62019
65024
45434
58593
62385
55552
48027
32954
44759
57042
45232
39122
59558
44998
49321
50086
40958
48788
44484
40052
45715
30864
53930
60994
58024
31448
761
504
593
948
916
274
874
167
342
915
528
371
581
194
641
979
218
103
587
526
737
240
663
882
Aniqa
29
MGR91
Cafe Manager
53447
8
23687
7
Huria
29
EMP900
Barista
31706
6
Zainab
27
EMP901
Barista
20659
2
Zainab
29
EMP902
Barista
41465
0
Sehrish
25
EMP903
Barista
22285
7
Sehrish
27
EMP904
Barista
37160
0
Mahnoor
32
EMP905
Barista
24003
0
Mahnoor
32
EMP906
Barista
40987
5
Spill The Tea, Chai Chowk, Brewabad
STT092
6
27.23
61.92
57749
73978
80589
74532
65569
65561
82679
81670
52634
63893
81610
71754
53763
74597
64154
50098
68604
60425
54194
77684
55805
53551
66597
62210
61568
52537
53345
46187
42068
43893
39149
61420
45857
30017
45848
35619
38095
31331
40018
42491
40559
42512
47154
45316
46730
35565
56549
44562
929
547
706
294
414
401
805
400
626
886
317
653
231
234
702
730
290
331
630
142
855
574
730
202
Wareesha
31
MGR92
Cafe Manager
67136
9
7578
8
Farah
26
EMP910
Barista
48366
6
Maira
25
EMP911
Barista
28958
4
Zainab
28
EMP912
Barista
22365
4
Sehrish
31
EMP913
Barista
27118
3
Farah
22
EMP914
Barista
23354
4
Zainab
27
EMP915
Barista
42520
6
Spill The Tea, Brew Bazaar, Chaistan
STT093
6
34.15
76.48
64923
75957
75899
63632
81103
57125
81226
79651
71007
78907
55839
66141
65588
67285
59760
65724
61862
63561
54736
66776
82342
65477
53048
52844
33332
47303
57477
53120
30167
54783
50930
35024
50604
46079
55758
57080
48806
38557
60897
32118
32879
45893
54437
56426
62691
59099
48220
60827
996
789
953
344
494
544
949
498
596
541
272
947
996
101
587
345
971
789
110
330
262
321
908
516
Aniqa
43
MGR93
Cafe Manager
51270
15
15176
9
Bushra
18
EMP920
Barista
38485
4
Raazia
23
EMP921
Barista
39911
0
Huria
30
EMP922
Barista
38449
6
Farah
28
EMP923
Barista
41176
0
Mahnoor
26
EMP924
Barista
27427
4
Zainab
22
EMP925
Barista
28500
7
Spill The Tea, Brew Bazaar, Chaistan
STT094
5
32.37
63.86
57450
63133
65653
80284
66190
66805
73757
72402
66735
54929
81303
63316
73377
64975
80938
54273
54587
53454
59523
66236
50483
54334
50486
57685
62573
49391
44881
48776
54215
54586
49901
40560
50180
50388
61189
37899
48150
58070
46773
37736
42217
54289
53729
48784
59595
32423
47040
55493
178
326
967
770
138
971
923
569
965
204
822
831
820
732
681
182
588
907
837
944
758
315
569
533
Malaika
34
MGR94
Cafe Manager
58434
7
28224
10
Farah
25
EMP930
Barista
20307
5
Sehrish
24
EMP931
Barista
33841
5
Sehrish
27
EMP932
Barista
29803
4
Zainab
32
EMP933
Barista
47638
6
Raazia
30
EMP934
Barista
37547
7
Spill The Tea, Drama District, Brewabad
STT095
3
30.33
60.9
73267
52634
60617
66738
73898
56365
63625
57459
50284
79637
61351
56251
79903
62161
59143
61436
73362
74429
60755
75225
74565
81485
77223
64773
53219
36448
33122
37371
31528
40720
56427
55089
50745
41857
50432
45932
34386
56870
48676
36039
57658
54749
33415
46277
49054
38457
52362
41152
796
295
966
868
685
539
498
918
696
299
730
494
778
815
225
824
482
223
528
649
914
615
991
277
Wareesha
28
MGR95
Cafe Manager
74560
1
6507
9
Farah
32
EMP940
Barista
45356
1
Zainab
30
EMP941
Barista
33507
6
Farah
26
EMP942
Barista
38190
0
Spill The Tea, Hot Takes Heights, Brewabad
STT096
4
29.82
62.52
54885
77253
50444
74157
54736
68004
63058
63250
75410
69299
80200
81023
80023
72838
61899
62121
51952
74868
56148
69522
56405
72833
64021
57497
59592
54672
57725
38683
31916
45389
42331
32427
30075
39953
45679
53360
49252
51659
58520
33149
52769
52778
55770
62456
45435
62420
36617
33014
398
429
766
794
382
746
377
772
153
386
379
610
307
372
861
879
886
481
877
223
837
719
665
619
Rawish
41
MGR96
Cafe Manager
63460
13
6411
4
Huria
21
EMP950
Barista
26260
6
Zainab
19
EMP951
Barista
40333
4
Zainab
21
EMP952
Barista
38575
5
Zainab
26
EMP953
Barista
30492
3
Spill The Tea, Chai Chowk, Chaistan
STT097
6
34.91
70.37
79871
80105
67177
78399
79475
76276
69214
57460
75521
50296
57032
61720
55064
52817
64035
76527
65609
56540
78749
61764
70959
51214
56094
77470
44675
43484
42958
46892
47721
35059
52052
42219
56342
41321
30028
36030
58862
45333
48492
36935
31472
53335
38493
56475
55282
35004
31124
55822
127
771
472
560
823
776
617
518
344
250
900
397
366
160
212
278
297
456
432
858
909
224
149
262
Aniqa
35
MGR97
Cafe Manager
76125
12
12107
7
Mahnoor
26
EMP960
Barista
28307
1
Maira
26
EMP961
Barista
20653
5
Farah
24
EMP962
Barista
42686
1
Bushra
31
EMP963
Barista
41410
2
Huria
26
EMP964
Barista
38137
0
Zainab
28
EMP965
Barista
32898
1
Spill The Tea, Chai Chowk, SpillPur
STT098
3
34.63
64.02
63768
57019
63858
65025
67761
56007
56787
66693
79375
65726
60429
78025
59069
75161
51624
55232
69327
76077
63096
58193
70521
57262
80602
66051
48519
35490
54963
47810
34575
38074
56667
48628
45877
56193
30971
34890
48834
54582
40168
53404
58350
50319
44695
62439
57993
44059
43744
38467
340
556
589
999
970
430
344
555
526
989
327
907
593
218
863
617
980
925
811
865
517
321
507
329
Maham
43
MGR98
Cafe Manager
54102
10
31282
5
Farah
26
EMP970
Barista
30396
6
Bushra
23
EMP971
Barista
39432
3
Maira
19
EMP972
Barista
32392
1
Spill The Tea, Spill Street, Kettleabad
STT099
4
35.11
70.82
67270
76081
68754
52631
67597
57312
54796
69403
74956
62031
74481
79415
67959
53026
82259
64407
78008
62612
66871
61046
59192
72181
79996
79543
31178
54801
56533
46499
42218
36429
52728
51530
55426
39418
52268
53811
48480
36381
62445
45512
61113
33268
42207
52939
40645
33406
57875
48894
527
316
710
425
296
750
429
429
828
763
712
943
129
516
305
447
929
972
456
486
475
378
877
847
Malaika
29
MGR99
Cafe Manager
78979
10
31651
4
Mahnoor
24
EMP980
Barista
36887
0
Sehrish
29
EMP981
Barista
45875
7
Farah
27
EMP982
Barista
36718
6
Sehrish
32
EMP983
Barista
22913
3
Spill The Tea, Drama District, Brewabad
STT100
7
34.31
63.59
80174
60074
76801
74319
67316
54982
64990
52240
61150
77919
77282
82193
72671
65763
76349
77638
56167
55822
63369
55807
71895
73691
62703
80636
56895
61647
31611
41641
30972
42995
59041
43233
36739
44914
46296
39911
51681
55735
44807
42255
39358
46395
58311
47763
47075
57023
51990
60523
149
622
794
837
506
350
246
309
182
752
975
997
522
442
487
260
728
408
478
964
324
900
355
391
Wareesha
31
MGR100
Cafe Manager
81102
4
7712
9
Maira
30
EMP990
Barista
44417
1
Raazia
31
EMP991
Barista
32474
5
Raazia
20
EMP992
Barista
26279
2
Raazia
26
EMP993
Barista
28326
3
Zainab
20
EMP994
Barista
39787
2
Bushra
21
EMP995
Barista
37470
4
Sehrish
21
EMP996
Barista
24835
4
Spill The Tea, Rumour Roundabout, SpillPur
STT101
3
30.82
70.23
51184
56969
81065
71509
76537
70588
55938
66229
74409
53992
50173
72593
80247
56586
79380
77919
63607
73610
65936
59425
56454
59544
54607
64618
30174
57473
53381
39312
48245
56114
54313
52124
30238
59509
42023
30146
44835
59838
61883
61334
31990
46148
61375
38908
52912
58346
41925
38706
290
939
344
686
229
903
862
910
624
894
608
955
969
907
945
608
150
375
348
452
579
855
183
302
Aimen
34
MGR101
Cafe Manager
78730
6
11717
5
Farah
28
EMP1000
Barista
44640
6
Bushra
30
EMP1001
Barista
44029
1
Huria
21
EMP1002
Barista
27469
7
Spill The Tea, Sip City, Chaistan
STT102
5
26.71
63.41
61884
66900
61248
53966
68128
82628
77697
79069
63489
68959
64611
81740
69407
57025
62121
55253
78478
58731
55731
82100
59992
68946
52408
69466
45570
57587
32589
38093
53687
55325
37122
55610
46110
40561
46230
61227
38761
30798
41901
46885
46278
47201
55579
41247
61326
54777
34087
30844
772
395
350
491
615
265
150
455
490
495
785
666
711
283
660
891
949
463
279
270
965
232
690
350
Eshal
37
MGR102
Cafe Manager
57410
3
5841
3
Raazia
25
EMP1010
Barista
21282
6
Huria
22
EMP1011
Barista
35393
7
Zainab
25
EMP1012
Barista
32362
5
Mahnoor
25
EMP1013
Barista
22338
5
Raazia
27
EMP1014
Barista
46277
0
Spill The Tea, Hot Takes Heights, Chaistan
STT103
7
23.61
63.49
67893
52447
77839
67548
52297
61831
53048
70191
78665
52427
78940
81712
63364
65601
54210
73163
69846
66514
53821
79220
54259
66483
60308
51391
30587
51354
31382
55651
34239
43098
35747
36927
62078
35804
35446
49915
51703
57670
39654
62016
39367
42193
33837
40486
50694
46798
44454
61021
274
576
941
855
413
801
847
554
961
649
113
728
844
179
939
355
262
266
639
848
325
468
528
666
Malaika
29
MGR103
Cafe Manager
70743
7
32593
5
Sehrish
32
EMP1020
Barista
21473
4
Sehrish
29
EMP1021
Barista
23530
4
Farah
30
EMP1022
Barista
21548
1
Huria
32
EMP1023
Barista
22133
2
Bushra
22
EMP1024
Barista
45741
0
Farah
23
EMP1025
Barista
44313
3
Zainab
26
EMP1026
Barista
21681
2
Spill The Tea, Gossip Gali, Brewabad
STT104
5
23.12
67.46
68853
68914
66235
53645
55882
69641
79558
75151
52747
54179
64865
55097
75538
72012
54562
66217
82277
76197
73119
60350
54899
56912
74318
76008
35085
43826
45260
46766
45217
60242
58737
53499
39667
58126
58174
34668
46948
60466
52452
36825
40658
44940
31502
50643
49888
47077
52172
55868
254
720
147
645
468
581
156
794
259
129
983
291
597
153
491
538
830
902
181
509
145
586
211
185
Rawish
45
MGR104
Cafe Manager
73840
9
17303
4
Bushra
21
EMP1030
Barista
48129
3
Maira
18
EMP1031
Barista
49863
4
Mahnoor
26
EMP1032
Barista
39252
5
Maira
21
EMP1033
Barista
42075
4
Farah
22
EMP1034
Barista
37896
0
Spill The Tea, Rumour Roundabout, Kettleabad
STT105
7
31.65
62.28
81927
64416
81185
66234
58721
68953
74861
76737
79825
76178
58537
62162
51106
61156
57914
82219
80250
77188
72110
78568
77762
55507
62535
80957
39522
58670
32426
30417
33962
46932
33389
31523
31396
34342
36625
52762
38942
40769
55441
46057
45274
58495
30580
39212
50250
59174
39718
37690
156
601
642
504
207
980
296
559
204
687
150
326
917
112
696
764
994
146
287
372
683
440
268
786
Maryam
37
MGR105
Cafe Manager
79636
9
32420
4
Huria
19
EMP1040
Barista
21953
2
Huria
28
EMP1041
Barista
35994
6
Huria
22
EMP1042
Barista
20496
3
Raazia
20
EMP1043
Barista
43757
3
Mahnoor
31
EMP1044
Barista
38651
4
Maira
32
EMP1045
Barista
20215
3
Bushra
26
EMP1046
Barista
26870
0
Spill The Tea, Kettle Colony, Brewabad
STT106
5
32.56
69.75
61385
74573
67320
70609
82288
54454
59012
53433
60639
66461
75131
74362
56811
72315
65611
56023
65913
68059
56922
61030
69469
52775
50561
71289
42773
49450
47267
42980
40611
42607
31216
48131
40432
42388
43308
46189
48114
46434
39423
60038
42341
38760
53287
42047
44861
30358
38150
56912
726
373
112
682
657
243
397
913
783
150
819
792
641
676
118
691
166
288
442
140
775
871
181
660
Maryam
46
MGR106
Cafe Manager
63470
8
5444
6
Raazia
32
EMP1050
Barista
28444
6
Raazia
21
EMP1051
Barista
21801
3
Farah
29
EMP1052
Barista
22198
6
Mahnoor
29
EMP1053
Barista
48192
7
Maira
28
EMP1054
Barista
47753
7
Spill The Tea, Spill Street, SpillPur
STT107
7
23.62
68.29
60402
65428
68494
55147
70248
50711
63465
63260
63669
70142
52185
67660
76937
54687
76436
50603
82702
80060
77801
55597
63600
54465
58853
66275
35704
36192
58097
62020
52395
53851
46389
55142
49991
60972
40866
61926
37737
42432
34367
40993
47045
40639
51286
52140
54025
39641
36716
58565
555
790
324
308
716
909
541
276
224
644
187
882
454
691
697
118
767
857
151
411
829
843
355
418
Afeerah
33
MGR107
Cafe Manager
72101
8
11434
9
Bushra
23
EMP1060
Barista
44265
0
Sehrish
23
EMP1061
Barista
30107
7
Zainab
22
EMP1062
Barista
33773
1
Farah
19
EMP1063
Barista
34688
0
Raazia
32
EMP1064
Barista
42204
2
Maira
22
EMP1065
Barista
45414
0
Maira
24
EMP1066
Barista
27532
0
Spill The Tea, Chai Chowk, SpillPur
STT108
7
33.03
69.43
58963
75523
64608
77978
54789
52364
67561
55651
75405
66954
73258
50952
77950
57255
57110
72576
67829
61737
80035
61935
72723
56805
61917
66229
31405
52872
30353
45437
50402
60434
52366
34408
45833
52557
53805
44684
41046
58357
38657
49975
41825
40162
35230
48937
44728
33090
50763
49776
183
936
610
810
216
274
193
323
404
485
253
326
110
315
839
930
229
537
597
938
950
268
715
544
Malaika
38
MGR108
Cafe Manager
60913
14
12914
4
Maira
26
EMP1070
Barista
41356
4
Sehrish
22
EMP1071
Barista
20276
5
Huria
19
EMP1072
Barista
35986
3
Mahnoor
27
EMP1073
Barista
24781
5
Bushra
26
EMP1074
Barista
20145
4
Bushra
22
EMP1075
Barista
48046
1
Raazia
19
EMP1076
Barista
21236
4
Spill The Tea, Gossip Gali, Brewabad
STT109
3
30.66
70.87
79043
55890
51077
60584
50048
59258
71053
75611
64047
59241
74285
56132
63058
64755
52404
64532
75608
60904
50956
63008
52938
77423
78599
75606
38709
61715
47312
35084
44190
53251
38131
51417
60534
38233
58316
45527
38376
39172
31646
59359
46932
33543
47065
30182
56785
39264
53559
54030
248
469
666
858
299
691
934
867
580
889
183
543
807
158
290
729
874
735
560
566
181
900
492
710
Minahil
33
MGR109
Cafe Manager
61667
12
23949
3
Sehrish
31
EMP1080
Barista
41807
0
Maira
29
EMP1081
Barista
20034
1
Bushra
22
EMP1082
Barista
34326
3
Spill The Tea, Spill Street, Kettleabad
STT110
6
32.34
60.91
78152
67012
78136
73592
77109
79998
78756
80771
57833
74850
81581
70452
74057
76012
78884
55214
81443
73811
66439
58346
51398
51982
57918
73315
45815
44383
46503
40712
59757
45046
49109
57581
62201
55549
51249
37830
61272
34604
46386
41431
58515
38420
50511
56551
31020
52093
54850
35127
352
609
593
135
261
624
873
251
316
364
628
461
733
202
577
676
961
381
603
231
221
310
522
440
Eshal
47
MGR110
Cafe Manager
59168
14
23897
10
Sehrish
28
EMP1090
Barista
23247
7
Farah
25
EMP1091
Barista
39834
1
Huria
27
EMP1092
Barista
34030
3
Raazia
21
EMP1093
Barista
42769
7
Raazia
21
EMP1094
Barista
36079
5
Mahnoor
23
EMP1095
Barista
46340
3
Spill The Tea, Kettle Colony, SpillPur
STT111
4
27.44
75.65
70331
57605
64390
76447
80930
66331
70034
61994
71697
64420
55293
64705
50675
82021
81724
61849
66324
65432
81537
51441
50089
68520
50920
79469
40230
50515
58661
58202
32847
31924
55339
62301
56426
44510
45978
50484
58983
45423
51651
57266
34455
55209
56767
53131
48520
38206
31210
55360
601
156
356
634
910
775
598
935
220
581
601
437
926
971
129
420
281
657
123
323
106
312
791
363
Aimen
30
MGR111
Cafe Manager
80345
4
7298
10
Farah
21
EMP1100
Barista
21332
4
Bushra
23
EMP1101
Barista
36095
3
Sehrish
26
EMP1102
Barista
22738
1
Bushra
23
EMP1103
Barista
22556
7
Spill The Tea, Hot Takes Heights, Chaistan
STT112
5
25.77
61.29
65900
60484
64436
76408
66959
65412
82626
79972
62890
54431
54591
67696
76212
71876
60096
62867
59129
60480
73159
77578
64982
69545
79897
64173
45898
45908
42746
54714
56268
39463
50299
46855
43271
56942
43562
41774
38149
33868
46517
53633
62162
48011
38153
47474
34121
34842
53569
31661
356
857
656
841
910
441
347
597
515
465
604
909
649
295
962
905
884
831
900
287
210
614
438
590
Rawish
40
MGR112
Cafe Manager
56331
4
20769
7
Mahnoor
18
EMP1110
Barista
27974
3
Zainab
28
EMP1111
Barista
42790
1
Mahnoor
30
EMP1112
Barista
42122
6
Bushra
24
EMP1113
Barista
42014
1
Huria
29
EMP1114
Barista
21771
7
Spill The Tea, Spill Street, SpillPur
STT113
6
31.69
66.76
56443
60833
76800
60761
72485
75031
65344
78295
61864
51439
66158
64728
81802
54909
65121
51674
52979
82709
50972
66908
80282
59172
81890
77729
35370
52727
37395
41934
31694
52652
39705
51090
44030
32773
32291
60205
38612
56436
57309
61977
36233
47983
36968
52675
47020
34076
44850
34134
322
540
521
969
713
476
399
378
155
626
762
636
758
300
348
132
211
205
996
289
403
854
148
116
Eshal
36
MGR113
Cafe Manager
68311
12
9113
7
Zainab
18
EMP1120
Barista
44662
3
Farah
30
EMP1121
Barista
46667
5
Mahnoor
28
EMP1122
Barista
42280
6
Maira
18
EMP1123
Barista
21504
1
Maira
28
EMP1124
Barista
44876
0
Maira
24
EMP1125
Barista
38338
1
Spill The Tea, Chai Chowk, Kettleabad
STT114
6
32.14
65.08
60735
65614
59582
53318
50955
71080
77079
68425
71956
65590
55405
81716
51037
56908
62464
56463
64755
58260
51166
53083
67201
72349
65818
50871
30099
54323
57089
50349
45156
42435
47778
54977
49257
31779
42445
61572
34564
53640
51377
54793
31108
52515
36888
48643
33106
44665
43700
43713
661
483
280
180
586
625
388
863
632
499
897
763
310
349
320
629
220
800
619
885
826
418
126
124
Aimen
28
MGR114
Cafe Manager
59964
10
29018
6
Sehrish
19
EMP1130
Barista
40096
4
Raazia
23
EMP1131
Barista
23985
2
Sehrish
21
EMP1132
Barista
47113
2
Bushra
32
EMP1133
Barista
21421
0
Farah
30
EMP1134
Barista
21422
6
Maira
26
EMP1135
Barista
23848
4
Spill The Tea, Kettle Colony, Chaistan
STT115
5
32.79
70.4
56870
50383
50910
56909
53653
82373
81709
66379
67083
53587
61809
73742
74378
58476
79940
78279
64145
72089
72352
69332
81196
54962
58628
53016
52266
46578
30075
30293
56080
62187
35280
62328
47598
45500
34893
56518
57071
37244
40145
44824
51140
51585
62242
54473
40056
52276
39788
56479
528
481
433
366
458
718
471
973
677
952
542
619
762
897
865
725
574
758
961
285
692
659
484
252
Wareesha
40
MGR115
Cafe Manager
61974
14
27503
5
Sehrish
23
EMP1140
Barista
35174
4
Zainab
23
EMP1141
Barista
29542
5
Sehrish
20
EMP1142
Barista
21342
7
Mahnoor
32
EMP1143
Barista
33060
6
Huria
32
EMP1144
Barista
49630
3
Spill The Tea, Kettle Colony, SpillPur
STT116
5
33.98
63.1
71414
68019
60730
77996
72601
73400
70818
81197
50015
80883
54678
63782
60664
72215
54727
80828
74206
55736
64804
70269
52429
70711
81143
70008
60875
43654
62118
37450
38048
54473
38644
59328
41340
61823
57192
54679
52543
41281
47710
34201
49517
57857
39034
52034
58560
35915
34637
58268
842
806
607
931
488
994
400
860
429
996
715
331
309
341
855
861
782
937
282
684
705
755
894
636
Eshal
37
MGR116
Cafe Manager
56597
7
27415
6
Huria
29
EMP1150
Barista
48464
4
Mahnoor
24
EMP1151
Barista
43186
1
Bushra
32
EMP1152
Barista
22493
7
Raazia
19
EMP1153
Barista
23180
5
Huria
19
EMP1154
Barista
36415
6
Spill The Tea, Hot Takes Heights, Brewabad
STT117
5
31.27
66.91
74548
55485
68534
51924
80644
75381
60771
77242
52882
65532
74720
69774
63285
65215
60060
50580
55530
66490
70554
68748
79613
72026
66877
56871
35770
32884
56788
46648
45789
30765
60458
53976
37353
39826
61551
42463
59019
55504
52867
41325
62334
57436
33677
41017
62092
61281
56470
62237
831
616
685
486
349
878
372
420
932
872
505
613
159
193
792
449
779
165
479
730
397
574
740
315
Aimen
36
MGR117
Cafe Manager
65236
4
8644
3
Raazia
30
EMP1160
Barista
23192
2
Bushra
27
EMP1161
Barista
21485
4
Zainab
30
EMP1162
Barista
41954
6
Raazia
29
EMP1163
Barista
38476
4
Sehrish
24
EMP1164
Barista
29050
6
Spill The Tea, Hot Takes Heights, Chaistan
STT118
4
30.49
65.65
67638
69257
61534
67860
71320
54581
60866
75467
66877
67057
78485
66298
65863
78053
69252
67730
54527
58930
53546
81816
57456
52604
56906
64210
61806
42805
46157
55186
51317
59300
47108
39587
48413
57556
38513
41775
52590
36727
56442
56854
35071
56668
38974
50681
38685
35526
35943
35382
238
206
159
163
323
425
181
741
155
924
515
113
488
317
491
194
857
590
265
470
830
924
500
174
Maham
33
MGR118
Cafe Manager
72039
1
28771
4
Raazia
32
EMP1170
Barista
20563
3
Huria
29
EMP1171
Barista
42388
1
Farah
22
EMP1172
Barista
31096
3
Raazia
24
EMP1173
Barista
31831
1
Spill The Tea, Spill Street, Brewabad
STT119
4
25.52
75.8
79328
63591
70881
54524
58861
76387
75845
53096
74368
66997
77073
51295
60621
75263
74673
81484
77150
81836
68098
72508
54690
75315
66310
71098
34628
47597
52067
31800
44091
36391
60375
39059
30732
37597
45684
44197
48205
47389
45997
45983
33166
43155
61590
48841
53939
40144
36829
49905
716
173
235
621
644
130
630
470
602
286
226
944
533
787
515
669
816
880
968
615
996
714
510
695
Afeerah
30
MGR119
Cafe Manager
68194
3
7217
10
Sehrish
18
EMP1180
Barista
24252
7
Sehrish
28
EMP1181
Barista
32972
5
Raazia
28
EMP1182
Barista
31005
2
Sehrish
24
EMP1183
Barista
47038
5
Spill The Tea, Kettle Colony, Brewabad
STT120
5
32.91
70.12
79057
73037
74862
65270
71202
67640
64648
55300
51907
81356
63971
60444
63815
77550
79372
73525
68075
64086
72721
73605
73431
69182
60257
59477
54956
50841
50963
33564
50989
51934
61803
48038
42430
41740
36570
41516
35482
31271
53544
62719
51700
54963
52889
45223
31560
58803
59732
46974
635
708
698
768
334
354
786
283
307
745
628
353
335
871
272
120
532
951
458
677
830
889
441
657
Aniqa
38
MGR120
Cafe Manager
52469
4
33849
8
Mahnoor
28
EMP1190
Barista
45782
4
Zainab
32
EMP1191
Barista
29100
5
Huria
25
EMP1192
Barista
43960
4
Mahnoor
24
EMP1193
Barista
24628
5
Sehrish
26
EMP1194
Barista
42068
6
Spill The Tea, Drama District, Chaistan
STT121
4
36.27
61.69
56894
64224
66701
56210
76638
53946
56077
56655
73284
63659
73575
71258
59985
63432
58712
70058
50628
58681
66375
70034
60189
51675
81614
60670
32921
34927
34094
56059
40427
36883
59063
49675
46820
52122
56418
56820
56842
41785
60448
60862
37462
35298
33011
52065
60147
45168
38205
50183
378
460
152
668
888
875
880
978
716
615
971
582
466
253
176
376
806
429
921
497
409
205
921
265
Aimen
44
MGR121
Cafe Manager
72391
13
13422
8
Bushra
32
EMP1200
Barista
29631
3
Huria
20
EMP1201
Barista
34770
0
Raazia
19
EMP1202
Barista
39027
3
Raazia
27
EMP1203
Barista
21764
2
Spill The Tea, Brew Bazaar, Brewabad
STT122
5
32.01
72.63
72639
61793
72554
70595
73215
67682
58165
77499
61699
53149
50880
61811
66464
77144
54386
52514
76450
72165
62193
81828
52326
54822
77915
51239
45659
46697
44367
48277
52307
56598
61052
37312
55722
50757
53935
41679
40783
43085
54939
42445
55631
45167
44864
53207
43007
36656
52277
42773
797
902
229
526
233
579
753
203
829
699
175
215
336
265
605
929
311
972
469
790
227
408
734
151
Minahil
30
MGR122
Cafe Manager
59187
6
11603
9
Mahnoor
21
EMP1210
Barista
44004
0
Sehrish
19
EMP1211
Barista
47852
5
Sehrish
18
EMP1212
Barista
40198
1
Maira
23
EMP1213
Barista
30224
4
Maira
19
EMP1214
Barista
21600
2
Spill The Tea, Gossip Gali, Chaistan
STT123
7
36.94
65.22
57615
75808
75542
80091
71004
72236
59336
77799
61100
73443
59471
60703
76380
53858
80080
79622
76663
50872
50205
56134
75517
59358
70680
67400
40498
39836
37522
60327
43651
38090
46076
42546
38538
33802
42526
62624
39515
32754
45364
35033
47625
52807
49791
59476
61635
43019
52993
53822
743
850
865
831
563
400
183
135
893
588
588
618
688
961
102
992
466
575
717
835
735
120
310
648
Maryam
45
MGR123
Cafe Manager
63863
3
27420
7
Raazia
19
EMP1220
Barista
29159
4
Zainab
31
EMP1221
Barista
44780
0
Maira
18
EMP1222
Barista
21468
4
Maira
23
EMP1223
Barista
45382
2
Raazia
31
EMP1224
Barista
47812
5
Zainab
29
EMP1225
Barista
28207
5
Huria
26
EMP1226
Barista
47887
4
